#           k/h    P           
    0.10000E-03    0.34239E+02
    0.10202E-03    0.34911E+02
    0.10408E-03    0.35596E+02
    0.10618E-03    0.36295E+02
    0.10833E-03    0.37007E+02
    0.11052E-03    0.37733E+02
    0.11275E-03    0.38473E+02
    0.11503E-03    0.39228E+02
    0.11735E-03    0.39998E+02
    0.11972E-03    0.40782E+02
    0.12214E-03    0.41583E+02
    0.12461E-03    0.42398E+02
    0.12712E-03    0.43230E+02
    0.12969E-03    0.44078E+02
    0.13231E-03    0.44943E+02
    0.13499E-03    0.45825E+02
    0.13771E-03    0.46724E+02
    0.14049E-03    0.47640E+02
    0.14333E-03    0.48575E+02
    0.14623E-03    0.49527E+02
    0.14918E-03    0.50499E+02
    0.15220E-03    0.51489E+02
    0.15527E-03    0.52499E+02
    0.15841E-03    0.53529E+02
    0.16161E-03    0.54579E+02
    0.16487E-03    0.55649E+02
    0.16820E-03    0.56740E+02
    0.17160E-03    0.57853E+02
    0.17507E-03    0.58987E+02
    0.17860E-03    0.60144E+02
    0.18221E-03    0.61323E+02
    0.18589E-03    0.62526E+02
    0.18965E-03    0.63751E+02
    0.19348E-03    0.65001E+02
    0.19739E-03    0.66275E+02
    0.20138E-03    0.67574E+02
    0.20544E-03    0.68899E+02
    0.20959E-03    0.70249E+02
    0.21383E-03    0.71626E+02
    0.21815E-03    0.73030E+02
    0.22255E-03    0.74461E+02
    0.22705E-03    0.75920E+02
    0.23164E-03    0.77407E+02
    0.23632E-03    0.78923E+02
    0.24109E-03    0.80470E+02
    0.24596E-03    0.82046E+02
    0.25093E-03    0.83653E+02
    0.25600E-03    0.85291E+02
    0.26117E-03    0.86961E+02
    0.26645E-03    0.88664E+02
    0.27183E-03    0.90400E+02
    0.27732E-03    0.92169E+02
    0.28292E-03    0.93974E+02
    0.28864E-03    0.95813E+02
    0.29447E-03    0.97688E+02
    0.30042E-03    0.99599E+02
    0.30649E-03    0.10155E+03
    0.31268E-03    0.10353E+03
    0.31899E-03    0.10556E+03
    0.32544E-03    0.10762E+03
    0.33201E-03    0.10973E+03
    0.33872E-03    0.11187E+03
    0.34556E-03    0.11406E+03
    0.35254E-03    0.11629E+03
    0.35966E-03    0.11856E+03
    0.36693E-03    0.12088E+03
    0.37434E-03    0.12324E+03
    0.38190E-03    0.12565E+03
    0.38962E-03    0.12810E+03
    0.39749E-03    0.13060E+03
    0.40552E-03    0.13315E+03
    0.41371E-03    0.13575E+03
    0.42207E-03    0.13839E+03
    0.43060E-03    0.14109E+03
    0.43929E-03    0.14384E+03
    0.44817E-03    0.14665E+03
    0.45722E-03    0.14951E+03
    0.46646E-03    0.15242E+03
    0.47588E-03    0.15539E+03
    0.48550E-03    0.15841E+03
    0.49530E-03    0.16149E+03
    0.50531E-03    0.16464E+03
    0.51552E-03    0.16784E+03
    0.52593E-03    0.17110E+03
    0.53656E-03    0.17443E+03
    0.54739E-03    0.17781E+03
    0.55845E-03    0.18127E+03
    0.56973E-03    0.18479E+03
    0.58124E-03    0.18837E+03
    0.59299E-03    0.19202E+03
    0.60496E-03    0.19575E+03
    0.61719E-03    0.19954E+03
    0.62965E-03    0.20340E+03
    0.64237E-03    0.20734E+03
    0.65535E-03    0.21135E+03
    0.66859E-03    0.21543E+03
    0.68210E-03    0.21960E+03
    0.69588E-03    0.22384E+03
    0.70993E-03    0.22815E+03
    0.72427E-03    0.23255E+03
    0.73891E-03    0.23704E+03
    0.75383E-03    0.24160E+03
    0.76906E-03    0.24625E+03
    0.78460E-03    0.25098E+03
    0.80045E-03    0.25581E+03
    0.81662E-03    0.26072E+03
    0.83311E-03    0.26572E+03
    0.84994E-03    0.27081E+03
    0.86711E-03    0.27599E+03
    0.88463E-03    0.28127E+03
    0.90250E-03    0.28665E+03
    0.92073E-03    0.29212E+03
    0.93933E-03    0.29769E+03
    0.95831E-03    0.30336E+03
    0.97767E-03    0.30913E+03
    0.99742E-03    0.31501E+03
    0.10176E-02    0.32099E+03
    0.10381E-02    0.32708E+03
    0.10591E-02    0.33327E+03
    0.10805E-02    0.33957E+03
    0.11023E-02    0.34599E+03
    0.11246E-02    0.35251E+03
    0.11473E-02    0.35915E+03
    0.11705E-02    0.36591E+03
    0.11941E-02    0.37278E+03
    0.12182E-02    0.37977E+03
    0.12429E-02    0.38687E+03
    0.12680E-02    0.39410E+03
    0.12936E-02    0.40145E+03
    0.13197E-02    0.40893E+03
    0.13464E-02    0.41653E+03
    0.13736E-02    0.42425E+03
    0.14013E-02    0.43211E+03
    0.14296E-02    0.44009E+03
    0.14585E-02    0.44821E+03
    0.14880E-02    0.45645E+03
    0.15180E-02    0.46483E+03
    0.15487E-02    0.47334E+03
    0.15800E-02    0.48199E+03
    0.16119E-02    0.49078E+03
    0.16445E-02    0.49970E+03
    0.16777E-02    0.50876E+03
    0.17116E-02    0.51797E+03
    0.17462E-02    0.52731E+03
    0.17814E-02    0.53680E+03
    0.18174E-02    0.54643E+03
    0.18541E-02    0.55620E+03
    0.18916E-02    0.56612E+03
    0.19298E-02    0.57618E+03
    0.19688E-02    0.58638E+03
    0.20086E-02    0.59674E+03
    0.20491E-02    0.60723E+03
    0.20905E-02    0.61788E+03
    0.21328E-02    0.62867E+03
    0.21758E-02    0.63961E+03
    0.22198E-02    0.65070E+03
    0.22646E-02    0.66193E+03
    0.23104E-02    0.67331E+03
    0.23571E-02    0.68484E+03
    0.24047E-02    0.69651E+03
    0.24533E-02    0.70833E+03
    0.25028E-02    0.72029E+03
    0.25534E-02    0.73240E+03
    0.26050E-02    0.74465E+03
    0.26576E-02    0.75704E+03
    0.27113E-02    0.76958E+03
    0.27660E-02    0.78225E+03
    0.28219E-02    0.79506E+03
    0.28789E-02    0.80801E+03
    0.29371E-02    0.82109E+03
    0.29964E-02    0.83430E+03
    0.30569E-02    0.84764E+03
    0.31187E-02    0.86111E+03
    0.31817E-02    0.87471E+03
    0.32460E-02    0.88843E+03
    0.33115E-02    0.90226E+03
    0.33784E-02    0.91622E+03
    0.34467E-02    0.93028E+03
    0.35163E-02    0.94446E+03
    0.35874E-02    0.95874E+03
    0.36598E-02    0.97313E+03
    0.37338E-02    0.98761E+03
    0.38092E-02    0.10022E+04
    0.38861E-02    0.10169E+04
    0.39646E-02    0.10316E+04
    0.40447E-02    0.10464E+04
    0.41264E-02    0.10613E+04
    0.42098E-02    0.10763E+04
    0.42948E-02    0.10914E+04
    0.43816E-02    0.11065E+04
    0.44701E-02    0.11216E+04
    0.45604E-02    0.11368E+04
    0.46525E-02    0.11521E+04
    0.47465E-02    0.11673E+04
    0.48424E-02    0.11826E+04
    0.49402E-02    0.11980E+04
    0.50400E-02    0.12133E+04
    0.51419E-02    0.12286E+04
    0.52457E-02    0.12440E+04
    0.53517E-02    0.12593E+04
    0.54598E-02    0.12746E+04
    0.55701E-02    0.12899E+04
    0.56826E-02    0.13052E+04
    0.57974E-02    0.13204E+04
    0.59145E-02    0.13356E+04
    0.60340E-02    0.13507E+04
    0.61559E-02    0.13657E+04
    0.62803E-02    0.13806E+04
    0.64072E-02    0.13955E+04
    0.65366E-02    0.14103E+04
    0.66686E-02    0.14249E+04
    0.68033E-02    0.14395E+04
    0.69408E-02    0.14539E+04
    0.70810E-02    0.14681E+04
    0.72240E-02    0.14822E+04
    0.73700E-02    0.14962E+04
    0.75189E-02    0.15099E+04
    0.76708E-02    0.15235E+04
    0.78257E-02    0.15369E+04
    0.79838E-02    0.15500E+04
    0.81451E-02    0.15629E+04
    0.83096E-02    0.15756E+04
    0.84775E-02    0.15880E+04
    0.86488E-02    0.16001E+04
    0.88235E-02    0.16120E+04
    0.90017E-02    0.16235E+04
    0.91836E-02    0.16348E+04
    0.93691E-02    0.16457E+04
    0.95583E-02    0.16563E+04
    0.97514E-02    0.16664E+04
    0.99484E-02    0.16763E+04
    0.10149E-01    0.16857E+04
    0.10354E-01    0.16947E+04
    0.10564E-01    0.17033E+04
    0.10777E-01    0.17114E+04
    0.10995E-01    0.17191E+04
    0.11217E-01    0.17263E+04
    0.11443E-01    0.17330E+04
    0.11675E-01    0.17392E+04
    0.11910E-01    0.17449E+04
    0.12151E-01    0.17500E+04
    0.12397E-01    0.17545E+04
    0.12647E-01    0.17585E+04
    0.12902E-01    0.17619E+04
    0.13163E-01    0.17647E+04
    0.13429E-01    0.17668E+04
    0.13700E-01    0.17683E+04
    0.13977E-01    0.17692E+04
    0.14259E-01    0.17693E+04
    0.14547E-01    0.17688E+04
    0.14841E-01    0.17675E+04
    0.15141E-01    0.17656E+04
    0.15447E-01    0.17629E+04
    0.15759E-01    0.17594E+04
    0.16077E-01    0.17552E+04
    0.16402E-01    0.17502E+04
    0.16734E-01    0.17444E+04
    0.17072E-01    0.17378E+04
    0.17416E-01    0.17304E+04
    0.17768E-01    0.17222E+04
    0.18127E-01    0.17132E+04
    0.18493E-01    0.17034E+04
    0.18867E-01    0.16928E+04
    0.19248E-01    0.16813E+04
    0.19637E-01    0.16691E+04
    0.20034E-01    0.16560E+04
    0.20438E-01    0.16421E+04
    0.20851E-01    0.16274E+04
    0.21272E-01    0.16119E+04
    0.21702E-01    0.15957E+04
    0.22141E-01    0.15786E+04
    0.22588E-01    0.15609E+04
    0.23044E-01    0.15424E+04
    0.23510E-01    0.15232E+04
    0.23985E-01    0.15034E+04
    0.24469E-01    0.14829E+04
    0.24964E-01    0.14618E+04
    0.25468E-01    0.14402E+04
    0.25982E-01    0.14180E+04
    0.26507E-01    0.13953E+04
    0.27043E-01    0.13722E+04
    0.27589E-01    0.13487E+04
    0.28146E-01    0.13249E+04
    0.28715E-01    0.13007E+04
    0.29295E-01    0.12764E+04
    0.29887E-01    0.12518E+04
    0.30490E-01    0.12271E+04
    0.31106E-01    0.12024E+04
    0.31735E-01    0.11777E+04
    0.32376E-01    0.11530E+04
    0.33030E-01    0.11285E+04
    0.33697E-01    0.11041E+04
    0.34378E-01    0.10800E+04
    0.35072E-01    0.10562E+04
    0.35781E-01    0.10329E+04
    0.36504E-01    0.10099E+04
    0.37241E-01    0.98740E+03
    0.37993E-01    0.96547E+03
    0.38761E-01    0.94413E+03
    0.39544E-01    0.92344E+03
    0.40343E-01    0.90342E+03
    0.41158E-01    0.88412E+03
    0.41989E-01    0.86557E+03
    0.42838E-01    0.84778E+03
    0.43703E-01    0.83077E+03
    0.44586E-01    0.81456E+03
    0.45486E-01    0.79914E+03
    0.46405E-01    0.78450E+03
    0.47343E-01    0.77062E+03
    0.48299E-01    0.75749E+03
    0.49275E-01    0.74507E+03
    0.50270E-01    0.73332E+03
    0.51286E-01    0.72219E+03
    0.52322E-01    0.71159E+03
    0.53379E-01    0.70146E+03
    0.54457E-01    0.69172E+03
    0.55557E-01    0.68229E+03
    0.56680E-01    0.67306E+03
    0.57825E-01    0.66393E+03
    0.58993E-01    0.65478E+03
    0.60184E-01    0.64551E+03
    0.61400E-01    0.63601E+03
    0.62641E-01    0.62617E+03
    0.63906E-01    0.61588E+03
    0.65197E-01    0.60506E+03
    0.66514E-01    0.59362E+03
    0.67858E-01    0.58150E+03
    0.69229E-01    0.56865E+03
    0.70627E-01    0.55507E+03
    0.72054E-01    0.54074E+03
    0.73510E-01    0.52571E+03
    0.74994E-01    0.51002E+03
    0.76509E-01    0.49379E+03
    0.78055E-01    0.47710E+03
    0.79632E-01    0.46012E+03
    0.81241E-01    0.44299E+03
    0.82882E-01    0.42590E+03
    0.84556E-01    0.40902E+03
    0.86264E-01    0.39253E+03
    0.88007E-01    0.37662E+03
    0.89785E-01    0.36145E+03
    0.91598E-01    0.34717E+03
    0.93449E-01    0.33390E+03
    0.95337E-01    0.32174E+03
    0.97263E-01    0.31074E+03
    0.99227E-01    0.30093E+03
    0.10123E+00    0.29228E+03
    0.10328E+00    0.28473E+03
    0.10536E+00    0.27819E+03
    0.10749E+00    0.27252E+03
    0.10966E+00    0.26753E+03
    0.11188E+00    0.26304E+03
    0.11414E+00    0.25881E+03
    0.11644E+00    0.25461E+03
    0.11880E+00    0.25021E+03
    0.12120E+00    0.24539E+03
    0.12365E+00    0.23999E+03
    0.12614E+00    0.23387E+03
    0.12869E+00    0.22697E+03
    0.13129E+00    0.21933E+03
    0.13394E+00    0.21102E+03
    0.13665E+00    0.20221E+03
    0.13941E+00    0.19312E+03
    0.14223E+00    0.18400E+03
    0.14510E+00    0.17510E+03
    0.14803E+00    0.16669E+03
    0.15102E+00    0.15897E+03
    0.15407E+00    0.15209E+03
    0.15718E+00    0.14614E+03
    0.16036E+00    0.14113E+03
    0.16360E+00    0.13699E+03
    0.16690E+00    0.13356E+03
    0.17028E+00    0.13066E+03
    0.17371E+00    0.12804E+03
    0.17722E+00    0.12543E+03
    0.18080E+00    0.12261E+03
    0.18446E+00    0.11939E+03
    0.18818E+00    0.11565E+03
    0.19198E+00    0.11140E+03
    0.19586E+00    0.10672E+03
    0.19982E+00    0.10179E+03
    0.20386E+00    0.96834E+02
    0.20797E+00    0.92081E+02
    0.21218E+00    0.87734E+02
    0.21646E+00    0.83927E+02
    0.22083E+00    0.80709E+02
    0.22530E+00    0.78038E+02
    0.22985E+00    0.75790E+02
    0.23449E+00    0.73786E+02
    0.23923E+00    0.71828E+02
    0.24406E+00    0.69741E+02
    0.24899E+00    0.67411E+02
    0.25402E+00    0.64814E+02
    0.25915E+00    0.62016E+02
    0.26439E+00    0.59148E+02
    0.26973E+00    0.56370E+02
    0.27518E+00    0.53819E+02
    0.28074E+00    0.51577E+02
    0.28641E+00    0.49650E+02
    0.29219E+00    0.47972E+02
    0.29810E+00    0.46430E+02
    0.30412E+00    0.44902E+02
    0.31026E+00    0.43297E+02
    0.31653E+00    0.41584E+02
    0.32292E+00    0.39799E+02
    0.32945E+00    0.38021E+02
    0.33610E+00    0.36337E+02
    0.34289E+00    0.34807E+02
    0.34982E+00    0.33442E+02
    0.35689E+00    0.32203E+02
    0.36409E+00    0.31025E+02
    0.37145E+00    0.29849E+02
    0.37895E+00    0.28647E+02
    0.38661E+00    0.27430E+02
    0.39442E+00    0.26239E+02
    0.40239E+00    0.25114E+02
    0.41052E+00    0.24078E+02
    0.41881E+00    0.23119E+02
    0.42727E+00    0.22208E+02
    0.43590E+00    0.21315E+02
    0.44471E+00    0.20428E+02
    0.45369E+00    0.19556E+02
    0.46286E+00    0.18718E+02
    0.47221E+00    0.17928E+02
    0.48174E+00    0.17186E+02
    0.49148E+00    0.16478E+02
    0.50141E+00    0.15791E+02
    0.51153E+00    0.15120E+02
    0.52187E+00    0.14472E+02
    0.53241E+00    0.13852E+02
    0.54317E+00    0.13264E+02
    0.55414E+00    0.12703E+02
    0.56533E+00    0.12162E+02
    0.57675E+00    0.11640E+02
    0.58840E+00    0.11137E+02
    0.60029E+00    0.10656E+02
    0.61242E+00    0.10197E+02
    0.62479E+00    0.97571E+01
    0.63741E+00    0.93340E+01
    0.65029E+00    0.89276E+01
    0.66342E+00    0.85383E+01
    0.67683E+00    0.81659E+01
    0.69050E+00    0.78091E+01
    0.70445E+00    0.74668E+01
    0.71868E+00    0.71386E+01
    0.73320E+00    0.68244E+01
    0.74801E+00    0.65236E+01
    0.76312E+00    0.62354E+01
    0.77854E+00    0.59592E+01
    0.79426E+00    0.56948E+01
    0.81031E+00    0.54416E+01
    0.82668E+00    0.51992E+01
    0.84338E+00    0.49672E+01
    0.86041E+00    0.47451E+01
    0.87780E+00    0.45325E+01
    0.89553E+00    0.43292E+01
    0.91362E+00    0.41346E+01
    0.93208E+00    0.39484E+01
    0.95091E+00    0.37703E+01
    0.97011E+00    0.35999E+01
    0.98971E+00    0.34369E+01
    0.10097E+01    0.32810E+01
    0.10301E+01    0.31320E+01
    0.10509E+01    0.29894E+01
    0.10721E+01    0.28532E+01
    0.10938E+01    0.27229E+01
    0.11159E+01    0.25984E+01
    0.11384E+01    0.24794E+01
    0.11614E+01    0.23656E+01
    0.11849E+01    0.22569E+01
    0.12088E+01    0.21531E+01
    0.12333E+01    0.20538E+01
    0.12582E+01    0.19590E+01
    0.12836E+01    0.18685E+01
    0.13095E+01    0.17819E+01
    0.13360E+01    0.16993E+01
    0.13630E+01    0.16204E+01
    0.13905E+01    0.15451E+01
    0.14186E+01    0.14731E+01
    0.14472E+01    0.14044E+01
    0.14765E+01    0.13388E+01
    0.15063E+01    0.12762E+01
    0.15367E+01    0.12164E+01
    0.15678E+01    0.11594E+01
    0.15994E+01    0.11049E+01
    0.16318E+01    0.10530E+01
    0.16647E+01    0.10034E+01
    0.16984E+01    0.95612E+00
    0.17327E+01    0.91098E+00
    0.17677E+01    0.86792E+00
    0.18034E+01    0.82685E+00
    0.18398E+01    0.78766E+00
    0.18770E+01    0.75030E+00
    0.19149E+01    0.71466E+00
    0.19536E+01    0.68067E+00
    0.19930E+01    0.64824E+00
    0.20333E+01    0.61737E+00
    0.20744E+01    0.58789E+00
    0.21163E+01    0.55978E+00
    0.21590E+01    0.53302E+00
    0.22026E+01    0.50750E+00
    0.22471E+01    0.48314E+00
    0.22925E+01    0.45995E+00
    0.23388E+01    0.43786E+00
    0.23861E+01    0.41678E+00
    0.24343E+01    0.39670E+00
    0.24835E+01    0.37759E+00
    0.25336E+01    0.35935E+00
    0.25848E+01    0.34199E+00
    0.26370E+01    0.32546E+00
    0.26903E+01    0.30968E+00
    0.27447E+01    0.29469E+00
    0.28001E+01    0.28038E+00
    0.28567E+01    0.26676E+00
    0.29144E+01    0.25380E+00
    0.29733E+01    0.24144E+00
    0.30333E+01    0.22968E+00
    0.30946E+01    0.21848E+00
    0.31571E+01    0.20782E+00
    0.32209E+01    0.19767E+00
    0.32860E+01    0.18799E+00
    0.33523E+01    0.17880E+00
    0.34201E+01    0.17003E+00
    0.34892E+01    0.16170E+00
    0.35596E+01    0.15376E+00
    0.36316E+01    0.14621E+00
    0.37049E+01    0.13901E+00
    0.37798E+01    0.13217E+00
    0.38561E+01    0.12566E+00
    0.39340E+01    0.11947E+00
    0.40135E+01    0.11357E+00
    0.40946E+01    0.10796E+00
    0.41773E+01    0.10263E+00
    0.42617E+01    0.97546E-01
    0.43478E+01    0.92717E-01
    0.44356E+01    0.88122E-01
    0.45252E+01    0.83751E-01
    0.46166E+01    0.79593E-01
    0.47099E+01    0.75639E-01
    0.48050E+01    0.71879E-01
    0.49021E+01    0.68301E-01
    0.50011E+01    0.64900E-01
    0.51021E+01    0.61666E-01
    0.52052E+01    0.58590E-01
    0.53104E+01    0.55665E-01
    0.54176E+01    0.52884E-01
    0.55271E+01    0.50242E-01
    0.56387E+01    0.47728E-01
    0.57526E+01    0.45338E-01
    0.58689E+01    0.43066E-01
    0.59874E+01    0.40906E-01
    0.61084E+01    0.38855E-01
    0.62318E+01    0.36903E-01
    0.63577E+01    0.35049E-01
    0.64861E+01    0.33286E-01
    0.66171E+01    0.31612E-01
    0.67508E+01    0.30019E-01
    0.68872E+01    0.28507E-01
    0.70263E+01    0.27069E-01
    0.71682E+01    0.25703E-01
    0.73130E+01    0.24405E-01
    0.74608E+01    0.23172E-01
    0.76115E+01    0.22001E-01
    0.77653E+01    0.20888E-01
    0.79221E+01    0.19830E-01
    0.80822E+01    0.18826E-01
    0.82454E+01    0.17871E-01
    0.84120E+01    0.16965E-01
    0.85819E+01    0.16104E-01
    0.87553E+01    0.15285E-01
    0.89322E+01    0.14509E-01
    0.91126E+01    0.13771E-01
    0.92967E+01    0.13070E-01
    0.94845E+01    0.12405E-01
    0.96761E+01    0.11773E-01
    0.98716E+01    0.11172E-01
    0.10071E+02    0.10603E-01
    0.10274E+02    0.10061E-01
    0.10482E+02    0.95476E-02
    0.10694E+02    0.90597E-02
    0.10910E+02    0.85964E-02
    0.11130E+02    0.81567E-02
    0.11355E+02    0.77392E-02
    0.11584E+02    0.73428E-02
    0.11818E+02    0.69665E-02
    0.12057E+02    0.66092E-02
    0.12301E+02    0.62702E-02
    0.12549E+02    0.59483E-02
    0.12803E+02    0.56428E-02
    0.13061E+02    0.53528E-02
    0.13325E+02    0.50776E-02
    0.13594E+02    0.48164E-02
    0.13869E+02    0.45685E-02
    0.14149E+02    0.43332E-02
    0.14435E+02    0.41099E-02
    0.14727E+02    0.38980E-02
    0.15024E+02    0.36969E-02
    0.15328E+02    0.35061E-02
    0.15637E+02    0.33251E-02
    0.15953E+02    0.31533E-02
    0.16275E+02    0.29904E-02
    0.16604E+02    0.28357E-02
    0.16940E+02    0.26890E-02
    0.17282E+02    0.25498E-02
    0.17631E+02    0.24177E-02
    0.17987E+02    0.22924E-02
    0.18351E+02    0.21736E-02
    0.18721E+02    0.20609E-02
    0.19099E+02    0.19539E-02
    0.19485E+02    0.18525E-02
    0.19879E+02    0.17562E-02
    0.20280E+02    0.16650E-02
    0.20690E+02    0.15784E-02
    0.21108E+02    0.14963E-02
    0.21535E+02    0.14184E-02
    0.21970E+02    0.13446E-02
    0.22413E+02    0.12745E-02
    0.22866E+02    0.12081E-02
    0.23328E+02    0.11451E-02
    0.23799E+02    0.10854E-02
    0.24280E+02    0.10287E-02
    0.24771E+02    0.97502E-03
    0.25271E+02    0.92409E-03
    0.25782E+02    0.87580E-03
    0.26302E+02    0.83000E-03
    0.26834E+02    0.78659E-03
    0.27376E+02    0.74543E-03
    0.27929E+02    0.70640E-03
    0.28493E+02    0.66940E-03
    0.29069E+02    0.63432E-03
    0.29656E+02    0.60107E-03
    0.30255E+02    0.56954E-03
    0.30866E+02    0.53966E-03
    0.31490E+02    0.51133E-03
    0.32126E+02    0.48448E-03
    0.32775E+02    0.45902E-03
    0.33437E+02    0.43489E-03
    0.34112E+02    0.41202E-03
    0.34801E+02    0.39034E-03
    0.35504E+02    0.36980E-03
    0.36222E+02    0.35033E-03
    0.36953E+02    0.33187E-03
    0.37700E+02    0.31438E-03
    0.38462E+02    0.29780E-03
    0.39239E+02    0.28209E-03
    0.40031E+02    0.26721E-03
    0.40840E+02    0.25310E-03
    0.41665E+02    0.23973E-03
    0.42507E+02    0.22706E-03
    0.43365E+02    0.21506E-03
    0.44241E+02    0.20368E-03
    0.45135E+02    0.19291E-03
    0.46047E+02    0.18269E-03
    0.46977E+02    0.17302E-03
    0.47926E+02    0.16385E-03
    0.48894E+02    0.15516E-03
    0.49882E+02    0.14694E-03
    0.50890E+02    0.13914E-03
    0.51918E+02    0.13175E-03
    0.52966E+02    0.12476E-03
    0.54036E+02    0.11813E-03
    0.55128E+02    0.11185E-03
    0.56242E+02    0.10590E-03
    0.57378E+02    0.10026E-03
    0.58537E+02    0.94927E-04
    0.59720E+02    0.89871E-04
    0.60926E+02    0.85082E-04
    0.62157E+02    0.80546E-04
    0.63412E+02    0.76250E-04
    0.64693E+02    0.72180E-04
    0.66000E+02    0.68326E-04
    0.67334E+02    0.64676E-04
    0.68694E+02    0.61219E-04
    0.70082E+02    0.57945E-04
    0.71497E+02    0.54845E-04
    0.72942E+02    0.51909E-04
    0.74415E+02    0.49128E-04
    0.75918E+02    0.46495E-04
    0.77452E+02    0.44001E-04
    0.79017E+02    0.41640E-04
    0.80613E+02    0.39405E-04
    0.82241E+02    0.37288E-04
    0.83903E+02    0.35283E-04
    0.85598E+02    0.33386E-04
    0.87327E+02    0.31589E-04
    0.89091E+02    0.29887E-04
    0.90891E+02    0.28277E-04
    0.92727E+02    0.26752E-04
    0.94600E+02    0.25308E-04
    0.96511E+02    0.23942E-04
    0.98461E+02    0.22648E-04
    0.10045E+03    0.21423E-04
    0.10248E+03    0.20264E-04
    0.10455E+03    0.19166E-04
    0.10666E+03    0.18127E-04
    0.10882E+03    0.17144E-04
    0.11101E+03    0.16214E-04
    0.11326E+03    0.15333E-04
    0.11554E+03    0.14499E-04
    0.11788E+03    0.13710E-04
    0.12026E+03    0.12963E-04
    0.12269E+03    0.12256E-04
    0.12517E+03    0.11588E-04
    0.12770E+03    0.10955E-04
    0.13028E+03    0.10356E-04
    0.13291E+03    0.97890E-05
    0.13559E+03    0.92528E-05
    0.13833E+03    0.87454E-05
    0.14113E+03    0.82653E-05
    0.14398E+03    0.78110E-05
    0.14689E+03    0.73813E-05
    0.14985E+03    0.69747E-05
    0.15288E+03    0.65901E-05
    0.15597E+03    0.62262E-05
    0.15912E+03    0.58821E-05
    0.16233E+03    0.55565E-05
    0.16561E+03    0.52485E-05
    0.16896E+03    0.49573E-05
    0.17237E+03    0.46818E-05
    0.17585E+03    0.44212E-05
    0.17941E+03    0.41748E-05
    0.18303E+03    0.39418E-05
    0.18673E+03    0.37215E-05
    0.19050E+03    0.35132E-05
    0.19435E+03    0.33162E-05
    0.19828E+03    0.31299E-05
