#           k/h    P           
    0.10000E-03    0.80556E+02
    0.10202E-03    0.82137E+02
    0.10408E-03    0.83749E+02
    0.10618E-03    0.85392E+02
    0.10833E-03    0.87067E+02
    0.11052E-03    0.88776E+02
    0.11275E-03    0.90517E+02
    0.11503E-03    0.92293E+02
    0.11735E-03    0.94104E+02
    0.11972E-03    0.95950E+02
    0.12214E-03    0.97833E+02
    0.12461E-03    0.99752E+02
    0.12712E-03    0.10171E+03
    0.12969E-03    0.10370E+03
    0.13231E-03    0.10574E+03
    0.13499E-03    0.10781E+03
    0.13771E-03    0.10993E+03
    0.14049E-03    0.11208E+03
    0.14333E-03    0.11428E+03
    0.14623E-03    0.11652E+03
    0.14918E-03    0.11881E+03
    0.15220E-03    0.12114E+03
    0.15527E-03    0.12352E+03
    0.15841E-03    0.12594E+03
    0.16161E-03    0.12841E+03
    0.16487E-03    0.13092E+03
    0.16820E-03    0.13349E+03
    0.17160E-03    0.13611E+03
    0.17507E-03    0.13878E+03
    0.17860E-03    0.14150E+03
    0.18221E-03    0.14427E+03
    0.18589E-03    0.14710E+03
    0.18965E-03    0.14999E+03
    0.19348E-03    0.15292E+03
    0.19739E-03    0.15592E+03
    0.20138E-03    0.15898E+03
    0.20544E-03    0.16209E+03
    0.20959E-03    0.16527E+03
    0.21383E-03    0.16851E+03
    0.21815E-03    0.17181E+03
    0.22255E-03    0.17518E+03
    0.22705E-03    0.17861E+03
    0.23164E-03    0.18211E+03
    0.23632E-03    0.18567E+03
    0.24109E-03    0.18931E+03
    0.24596E-03    0.19302E+03
    0.25093E-03    0.19680E+03
    0.25600E-03    0.20065E+03
    0.26117E-03    0.20458E+03
    0.26645E-03    0.20859E+03
    0.27183E-03    0.21267E+03
    0.27732E-03    0.21683E+03
    0.28292E-03    0.22107E+03
    0.28864E-03    0.22540E+03
    0.29447E-03    0.22981E+03
    0.30042E-03    0.23430E+03
    0.30649E-03    0.23889E+03
    0.31268E-03    0.24356E+03
    0.31899E-03    0.24832E+03
    0.32544E-03    0.25318E+03
    0.33201E-03    0.25812E+03
    0.33872E-03    0.26317E+03
    0.34556E-03    0.26831E+03
    0.35254E-03    0.27355E+03
    0.35966E-03    0.27890E+03
    0.36693E-03    0.28434E+03
    0.37434E-03    0.28990E+03
    0.38190E-03    0.29555E+03
    0.38962E-03    0.30132E+03
    0.39749E-03    0.30720E+03
    0.40552E-03    0.31320E+03
    0.41371E-03    0.31930E+03
    0.42207E-03    0.32553E+03
    0.43060E-03    0.33187E+03
    0.43929E-03    0.33834E+03
    0.44817E-03    0.34493E+03
    0.45722E-03    0.35165E+03
    0.46646E-03    0.35850E+03
    0.47588E-03    0.36547E+03
    0.48550E-03    0.37259E+03
    0.49530E-03    0.37983E+03
    0.50531E-03    0.38722E+03
    0.51552E-03    0.39474E+03
    0.52593E-03    0.40241E+03
    0.53656E-03    0.41023E+03
    0.54739E-03    0.41819E+03
    0.55845E-03    0.42630E+03
    0.56973E-03    0.43457E+03
    0.58124E-03    0.44300E+03
    0.59299E-03    0.45158E+03
    0.60496E-03    0.46033E+03
    0.61719E-03    0.46924E+03
    0.62965E-03    0.47832E+03
    0.64237E-03    0.48757E+03
    0.65535E-03    0.49699E+03
    0.66859E-03    0.50659E+03
    0.68210E-03    0.51636E+03
    0.69588E-03    0.52632E+03
    0.70993E-03    0.53647E+03
    0.72427E-03    0.54680E+03
    0.73891E-03    0.55733E+03
    0.75383E-03    0.56805E+03
    0.76906E-03    0.57897E+03
    0.78460E-03    0.59009E+03
    0.80045E-03    0.60141E+03
    0.81662E-03    0.61295E+03
    0.83311E-03    0.62469E+03
    0.84994E-03    0.63665E+03
    0.86711E-03    0.64882E+03
    0.88463E-03    0.66122E+03
    0.90250E-03    0.67384E+03
    0.92073E-03    0.68669E+03
    0.93933E-03    0.69977E+03
    0.95831E-03    0.71308E+03
    0.97767E-03    0.72663E+03
    0.99742E-03    0.74043E+03
    0.10176E-02    0.75447E+03
    0.10381E-02    0.76876E+03
    0.10591E-02    0.78330E+03
    0.10805E-02    0.79809E+03
    0.11023E-02    0.81315E+03
    0.11246E-02    0.82846E+03
    0.11473E-02    0.84405E+03
    0.11705E-02    0.85990E+03
    0.11941E-02    0.87603E+03
    0.12182E-02    0.89243E+03
    0.12429E-02    0.90912E+03
    0.12680E-02    0.92609E+03
    0.12936E-02    0.94334E+03
    0.13197E-02    0.96088E+03
    0.13464E-02    0.97872E+03
    0.13736E-02    0.99686E+03
    0.14013E-02    0.10153E+04
    0.14296E-02    0.10340E+04
    0.14585E-02    0.10531E+04
    0.14880E-02    0.10724E+04
    0.15180E-02    0.10921E+04
    0.15487E-02    0.11121E+04
    0.15800E-02    0.11324E+04
    0.16119E-02    0.11530E+04
    0.16445E-02    0.11740E+04
    0.16777E-02    0.11952E+04
    0.17116E-02    0.12168E+04
    0.17462E-02    0.12388E+04
    0.17814E-02    0.12610E+04
    0.18174E-02    0.12836E+04
    0.18541E-02    0.13066E+04
    0.18916E-02    0.13299E+04
    0.19298E-02    0.13535E+04
    0.19688E-02    0.13774E+04
    0.20086E-02    0.14017E+04
    0.20491E-02    0.14264E+04
    0.20905E-02    0.14514E+04
    0.21328E-02    0.14767E+04
    0.21758E-02    0.15024E+04
    0.22198E-02    0.15284E+04
    0.22646E-02    0.15547E+04
    0.23104E-02    0.15815E+04
    0.23571E-02    0.16085E+04
    0.24047E-02    0.16359E+04
    0.24533E-02    0.16636E+04
    0.25028E-02    0.16917E+04
    0.25534E-02    0.17201E+04
    0.26050E-02    0.17489E+04
    0.26576E-02    0.17780E+04
    0.27113E-02    0.18074E+04
    0.27660E-02    0.18371E+04
    0.28219E-02    0.18672E+04
    0.28789E-02    0.18975E+04
    0.29371E-02    0.19282E+04
    0.29964E-02    0.19592E+04
    0.30569E-02    0.19905E+04
    0.31187E-02    0.20221E+04
    0.31817E-02    0.20540E+04
    0.32460E-02    0.20862E+04
    0.33115E-02    0.21187E+04
    0.33784E-02    0.21514E+04
    0.34467E-02    0.21844E+04
    0.35163E-02    0.22176E+04
    0.35874E-02    0.22511E+04
    0.36598E-02    0.22849E+04
    0.37338E-02    0.23188E+04
    0.38092E-02    0.23530E+04
    0.38861E-02    0.23874E+04
    0.39646E-02    0.24220E+04
    0.40447E-02    0.24568E+04
    0.41264E-02    0.24917E+04
    0.42098E-02    0.25268E+04
    0.42948E-02    0.25621E+04
    0.43816E-02    0.25975E+04
    0.44701E-02    0.26330E+04
    0.45604E-02    0.26686E+04
    0.46525E-02    0.27043E+04
    0.47465E-02    0.27401E+04
    0.48424E-02    0.27760E+04
    0.49402E-02    0.28119E+04
    0.50400E-02    0.28478E+04
    0.51419E-02    0.28837E+04
    0.52457E-02    0.29197E+04
    0.53517E-02    0.29556E+04
    0.54598E-02    0.29914E+04
    0.55701E-02    0.30272E+04
    0.56826E-02    0.30629E+04
    0.57974E-02    0.30986E+04
    0.59145E-02    0.31340E+04
    0.60340E-02    0.31694E+04
    0.61559E-02    0.32046E+04
    0.62803E-02    0.32395E+04
    0.64072E-02    0.32743E+04
    0.65366E-02    0.33088E+04
    0.66686E-02    0.33431E+04
    0.68033E-02    0.33771E+04
    0.69408E-02    0.34107E+04
    0.70810E-02    0.34440E+04
    0.72240E-02    0.34770E+04
    0.73700E-02    0.35095E+04
    0.75189E-02    0.35417E+04
    0.76708E-02    0.35733E+04
    0.78257E-02    0.36045E+04
    0.79838E-02    0.36352E+04
    0.81451E-02    0.36653E+04
    0.83096E-02    0.36948E+04
    0.84775E-02    0.37238E+04
    0.86488E-02    0.37521E+04
    0.88235E-02    0.37797E+04
    0.90017E-02    0.38066E+04
    0.91836E-02    0.38327E+04
    0.93691E-02    0.38581E+04
    0.95583E-02    0.38826E+04
    0.97514E-02    0.39063E+04
    0.99484E-02    0.39291E+04
    0.10149E-01    0.39509E+04
    0.10354E-01    0.39718E+04
    0.10564E-01    0.39917E+04
    0.10777E-01    0.40105E+04
    0.10995E-01    0.40282E+04
    0.11217E-01    0.40449E+04
    0.11443E-01    0.40603E+04
    0.11675E-01    0.40745E+04
    0.11910E-01    0.40875E+04
    0.12151E-01    0.40992E+04
    0.12397E-01    0.41096E+04
    0.12647E-01    0.41187E+04
    0.12902E-01    0.41263E+04
    0.13163E-01    0.41325E+04
    0.13429E-01    0.41372E+04
    0.13700E-01    0.41404E+04
    0.13977E-01    0.41420E+04
    0.14259E-01    0.41420E+04
    0.14547E-01    0.41405E+04
    0.14841E-01    0.41372E+04
    0.15141E-01    0.41323E+04
    0.15447E-01    0.41256E+04
    0.15759E-01    0.41171E+04
    0.16077E-01    0.41069E+04
    0.16402E-01    0.40948E+04
    0.16734E-01    0.40809E+04
    0.17072E-01    0.40651E+04
    0.17416E-01    0.40475E+04
    0.17768E-01    0.40280E+04
    0.18127E-01    0.40065E+04
    0.18493E-01    0.39832E+04
    0.18867E-01    0.39579E+04
    0.19248E-01    0.39308E+04
    0.19637E-01    0.39017E+04
    0.20034E-01    0.38707E+04
    0.20438E-01    0.38378E+04
    0.20851E-01    0.38031E+04
    0.21272E-01    0.37665E+04
    0.21702E-01    0.37282E+04
    0.22141E-01    0.36880E+04
    0.22588E-01    0.36461E+04
    0.23044E-01    0.36026E+04
    0.23510E-01    0.35574E+04
    0.23985E-01    0.35107E+04
    0.24469E-01    0.34625E+04
    0.24964E-01    0.34129E+04
    0.25468E-01    0.33620E+04
    0.25982E-01    0.33098E+04
    0.26507E-01    0.32565E+04
    0.27043E-01    0.32022E+04
    0.27589E-01    0.31470E+04
    0.28146E-01    0.30910E+04
    0.28715E-01    0.30343E+04
    0.29295E-01    0.29771E+04
    0.29887E-01    0.29195E+04
    0.30490E-01    0.28616E+04
    0.31106E-01    0.28036E+04
    0.31735E-01    0.27456E+04
    0.32376E-01    0.26877E+04
    0.33030E-01    0.26302E+04
    0.33697E-01    0.25732E+04
    0.34378E-01    0.25167E+04
    0.35072E-01    0.24610E+04
    0.35781E-01    0.24062E+04
    0.36504E-01    0.23524E+04
    0.37241E-01    0.22997E+04
    0.37993E-01    0.22484E+04
    0.38761E-01    0.21984E+04
    0.39544E-01    0.21500E+04
    0.40343E-01    0.21031E+04
    0.41158E-01    0.20579E+04
    0.41989E-01    0.20145E+04
    0.42838E-01    0.19728E+04
    0.43703E-01    0.19330E+04
    0.44586E-01    0.18950E+04
    0.45486E-01    0.18589E+04
    0.46405E-01    0.18246E+04
    0.47343E-01    0.17921E+04
    0.48299E-01    0.17614E+04
    0.49275E-01    0.17323E+04
    0.50270E-01    0.17048E+04
    0.51286E-01    0.16787E+04
    0.52322E-01    0.16539E+04
    0.53379E-01    0.16301E+04
    0.54457E-01    0.16073E+04
    0.55557E-01    0.15852E+04
    0.56680E-01    0.15635E+04
    0.57825E-01    0.15421E+04
    0.58993E-01    0.15207E+04
    0.60184E-01    0.14990E+04
    0.61400E-01    0.14768E+04
    0.62641E-01    0.14538E+04
    0.63906E-01    0.14297E+04
    0.65197E-01    0.14044E+04
    0.66514E-01    0.13777E+04
    0.67858E-01    0.13494E+04
    0.69229E-01    0.13195E+04
    0.70627E-01    0.12878E+04
    0.72054E-01    0.12544E+04
    0.73510E-01    0.12194E+04
    0.74994E-01    0.11829E+04
    0.76509E-01    0.11451E+04
    0.78055E-01    0.11063E+04
    0.79632E-01    0.10668E+04
    0.81241E-01    0.10270E+04
    0.82882E-01    0.98727E+03
    0.84556E-01    0.94803E+03
    0.86264E-01    0.90972E+03
    0.88007E-01    0.87276E+03
    0.89785E-01    0.83752E+03
    0.91598E-01    0.80436E+03
    0.93449E-01    0.77355E+03
    0.95337E-01    0.74530E+03
    0.97263E-01    0.71975E+03
    0.99227E-01    0.69696E+03
    0.10123E+00    0.67686E+03
    0.10328E+00    0.65933E+03
    0.10536E+00    0.64412E+03
    0.10749E+00    0.63093E+03
    0.10966E+00    0.61934E+03
    0.11188E+00    0.60889E+03
    0.11414E+00    0.59905E+03
    0.11644E+00    0.58927E+03
    0.11880E+00    0.57904E+03
    0.12120E+00    0.56784E+03
    0.12365E+00    0.55529E+03
    0.12614E+00    0.54109E+03
    0.12869E+00    0.52510E+03
    0.13129E+00    0.50738E+03
    0.13394E+00    0.48813E+03
    0.13665E+00    0.46772E+03
    0.13941E+00    0.44665E+03
    0.14223E+00    0.42552E+03
    0.14510E+00    0.40492E+03
    0.14803E+00    0.38544E+03
    0.15102E+00    0.36756E+03
    0.15407E+00    0.35164E+03
    0.15718E+00    0.33786E+03
    0.16036E+00    0.32626E+03
    0.16360E+00    0.31666E+03
    0.16690E+00    0.30873E+03
    0.17028E+00    0.30200E+03
    0.17371E+00    0.29592E+03
    0.17722E+00    0.28988E+03
    0.18080E+00    0.28335E+03
    0.18446E+00    0.27588E+03
    0.18818E+00    0.26724E+03
    0.19198E+00    0.25740E+03
    0.19586E+00    0.24658E+03
    0.19982E+00    0.23517E+03
    0.20386E+00    0.22371E+03
    0.20797E+00    0.21272E+03
    0.21218E+00    0.20266E+03
    0.21646E+00    0.19386E+03
    0.22083E+00    0.18642E+03
    0.22530E+00    0.18024E+03
    0.22985E+00    0.17504E+03
    0.23449E+00    0.17041E+03
    0.23923E+00    0.16588E+03
    0.24406E+00    0.16105E+03
    0.24899E+00    0.15567E+03
    0.25402E+00    0.14967E+03
    0.25915E+00    0.14320E+03
    0.26439E+00    0.13657E+03
    0.26973E+00    0.13015E+03
    0.27518E+00    0.12426E+03
    0.28074E+00    0.11908E+03
    0.28641E+00    0.11462E+03
    0.29219E+00    0.11075E+03
    0.29810E+00    0.10718E+03
    0.30412E+00    0.10365E+03
    0.31026E+00    0.99946E+02
    0.31653E+00    0.95990E+02
    0.32292E+00    0.91867E+02
    0.32945E+00    0.87760E+02
    0.33610E+00    0.83870E+02
    0.34289E+00    0.80337E+02
    0.34982E+00    0.77184E+02
    0.35689E+00    0.74322E+02
    0.36409E+00    0.71603E+02
    0.37145E+00    0.68888E+02
    0.37895E+00    0.66111E+02
    0.38661E+00    0.63302E+02
    0.39442E+00    0.60551E+02
    0.40239E+00    0.57956E+02
    0.41052E+00    0.55562E+02
    0.41881E+00    0.53348E+02
    0.42727E+00    0.51245E+02
    0.43590E+00    0.49184E+02
    0.44471E+00    0.47136E+02
    0.45369E+00    0.45123E+02
    0.46286E+00    0.43190E+02
    0.47221E+00    0.41367E+02
    0.48174E+00    0.39653E+02
    0.49148E+00    0.38019E+02
    0.50141E+00    0.36433E+02
    0.51153E+00    0.34886E+02
    0.52187E+00    0.33389E+02
    0.53241E+00    0.31960E+02
    0.54317E+00    0.30602E+02
    0.55414E+00    0.29307E+02
    0.56533E+00    0.28059E+02
    0.57675E+00    0.26853E+02
    0.58840E+00    0.25693E+02
    0.60029E+00    0.24584E+02
    0.61242E+00    0.23524E+02
    0.62479E+00    0.22509E+02
    0.63741E+00    0.21533E+02
    0.65029E+00    0.20595E+02
    0.66342E+00    0.19697E+02
    0.67683E+00    0.18838E+02
    0.69050E+00    0.18014E+02
    0.70445E+00    0.17225E+02
    0.71868E+00    0.16467E+02
    0.73320E+00    0.15742E+02
    0.74801E+00    0.15048E+02
    0.76312E+00    0.14383E+02
    0.77854E+00    0.13746E+02
    0.79426E+00    0.13136E+02
    0.81031E+00    0.12552E+02
    0.82668E+00    0.11993E+02
    0.84338E+00    0.11458E+02
    0.86041E+00    0.10945E+02
    0.87780E+00    0.10455E+02
    0.89553E+00    0.99858E+01
    0.91362E+00    0.95368E+01
    0.93208E+00    0.91073E+01
    0.95091E+00    0.86964E+01
    0.97011E+00    0.83034E+01
    0.98971E+00    0.79275E+01
    0.10097E+01    0.75679E+01
    0.10301E+01    0.72241E+01
    0.10509E+01    0.68953E+01
    0.10721E+01    0.65809E+01
    0.10938E+01    0.62804E+01
    0.11159E+01    0.59932E+01
    0.11384E+01    0.57187E+01
    0.11614E+01    0.54562E+01
    0.11849E+01    0.52056E+01
    0.12088E+01    0.49661E+01
    0.12333E+01    0.47371E+01
    0.12582E+01    0.45184E+01
    0.12836E+01    0.43096E+01
    0.13095E+01    0.41100E+01
    0.13360E+01    0.39193E+01
    0.13630E+01    0.37374E+01
    0.13905E+01    0.35636E+01
    0.14186E+01    0.33976E+01
    0.14472E+01    0.32392E+01
    0.14765E+01    0.30879E+01
    0.15063E+01    0.29434E+01
    0.15367E+01    0.28056E+01
    0.15678E+01    0.26740E+01
    0.15994E+01    0.25484E+01
    0.16318E+01    0.24286E+01
    0.16647E+01    0.23143E+01
    0.16984E+01    0.22052E+01
    0.17327E+01    0.21011E+01
    0.17677E+01    0.20017E+01
    0.18034E+01    0.19070E+01
    0.18398E+01    0.18166E+01
    0.18770E+01    0.17305E+01
    0.19149E+01    0.16483E+01
    0.19536E+01    0.15699E+01
    0.19930E+01    0.14951E+01
    0.20333E+01    0.14239E+01
    0.20744E+01    0.13559E+01
    0.21163E+01    0.12910E+01
    0.21590E+01    0.12293E+01
    0.22026E+01    0.11705E+01
    0.22471E+01    0.11143E+01
    0.22925E+01    0.10608E+01
    0.23388E+01    0.10099E+01
    0.23861E+01    0.96123E+00
    0.24343E+01    0.91493E+00
    0.24835E+01    0.87085E+00
    0.25336E+01    0.82878E+00
    0.25848E+01    0.78875E+00
    0.26370E+01    0.75061E+00
    0.26903E+01    0.71423E+00
    0.27447E+01    0.67964E+00
    0.28001E+01    0.64665E+00
    0.28567E+01    0.61523E+00
    0.29144E+01    0.58534E+00
    0.29733E+01    0.55683E+00
    0.30333E+01    0.52972E+00
    0.30946E+01    0.50388E+00
    0.31571E+01    0.47929E+00
    0.32209E+01    0.45588E+00
    0.32860E+01    0.43357E+00
    0.33523E+01    0.41236E+00
    0.34201E+01    0.39215E+00
    0.34892E+01    0.37293E+00
    0.35596E+01    0.35461E+00
    0.36316E+01    0.33720E+00
    0.37049E+01    0.32060E+00
    0.37798E+01    0.30483E+00
    0.38561E+01    0.28981E+00
    0.39340E+01    0.27553E+00
    0.40135E+01    0.26192E+00
    0.40946E+01    0.24899E+00
    0.41773E+01    0.23668E+00
    0.42617E+01    0.22497E+00
    0.43478E+01    0.21383E+00
    0.44356E+01    0.20323E+00
    0.45252E+01    0.19315E+00
    0.46166E+01    0.18356E+00
    0.47099E+01    0.17445E+00
    0.48050E+01    0.16577E+00
    0.49021E+01    0.15752E+00
    0.50011E+01    0.14968E+00
    0.51021E+01    0.14222E+00
    0.52052E+01    0.13513E+00
    0.53104E+01    0.12838E+00
    0.54176E+01    0.12197E+00
    0.55271E+01    0.11587E+00
    0.56387E+01    0.11007E+00
    0.57526E+01    0.10456E+00
    0.58689E+01    0.99322E-01
    0.59874E+01    0.94341E-01
    0.61084E+01    0.89610E-01
    0.62318E+01    0.85109E-01
    0.63577E+01    0.80834E-01
    0.64861E+01    0.76768E-01
    0.66171E+01    0.72905E-01
    0.67508E+01    0.69233E-01
    0.68872E+01    0.65745E-01
    0.70263E+01    0.62429E-01
    0.71682E+01    0.59279E-01
    0.73130E+01    0.56286E-01
    0.74608E+01    0.53442E-01
    0.76115E+01    0.50740E-01
    0.77653E+01    0.48173E-01
    0.79221E+01    0.45734E-01
    0.80822E+01    0.43417E-01
    0.82454E+01    0.41216E-01
    0.84120E+01    0.39125E-01
    0.85819E+01    0.37139E-01
    0.87553E+01    0.35253E-01
    0.89322E+01    0.33461E-01
    0.91126E+01    0.31760E-01
    0.92967E+01    0.30143E-01
    0.94845E+01    0.28609E-01
    0.96761E+01    0.27151E-01
    0.98716E+01    0.25767E-01
    0.10071E+02    0.24452E-01
    0.10274E+02    0.23204E-01
    0.10482E+02    0.22019E-01
    0.10694E+02    0.20894E-01
    0.10910E+02    0.19826E-01
    0.11130E+02    0.18812E-01
    0.11355E+02    0.17849E-01
    0.11584E+02    0.16934E-01
    0.11818E+02    0.16067E-01
    0.12057E+02    0.15243E-01
    0.12301E+02    0.14461E-01
    0.12549E+02    0.13718E-01
    0.12803E+02    0.13014E-01
    0.13061E+02    0.12345E-01
    0.13325E+02    0.11710E-01
    0.13594E+02    0.11108E-01
    0.13869E+02    0.10536E-01
    0.14149E+02    0.99934E-02
    0.14435E+02    0.94785E-02
    0.14727E+02    0.89898E-02
    0.15024E+02    0.85261E-02
    0.15328E+02    0.80861E-02
    0.15637E+02    0.76686E-02
    0.15953E+02    0.72724E-02
    0.16275E+02    0.68965E-02
    0.16604E+02    0.65398E-02
    0.16940E+02    0.62015E-02
    0.17282E+02    0.58805E-02
    0.17631E+02    0.55759E-02
    0.17987E+02    0.52869E-02
    0.18351E+02    0.50128E-02
    0.18721E+02    0.47529E-02
    0.19099E+02    0.45062E-02
    0.19485E+02    0.42722E-02
    0.19879E+02    0.40503E-02
    0.20280E+02    0.38398E-02
    0.20690E+02    0.36402E-02
    0.21108E+02    0.34508E-02
    0.21535E+02    0.32712E-02
    0.21970E+02    0.31009E-02
    0.22413E+02    0.29394E-02
    0.22866E+02    0.27862E-02
    0.23328E+02    0.26409E-02
    0.23799E+02    0.25031E-02
    0.24280E+02    0.23725E-02
    0.24771E+02    0.22486E-02
    0.25271E+02    0.21312E-02
    0.25782E+02    0.20198E-02
    0.26302E+02    0.19142E-02
    0.26834E+02    0.18140E-02
    0.27376E+02    0.17191E-02
    0.27929E+02    0.16291E-02
    0.28493E+02    0.15438E-02
    0.29069E+02    0.14629E-02
    0.29656E+02    0.13862E-02
    0.30255E+02    0.13135E-02
    0.30866E+02    0.12446E-02
    0.31490E+02    0.11792E-02
    0.32126E+02    0.11173E-02
    0.32775E+02    0.10586E-02
    0.33437E+02    0.10029E-02
    0.34112E+02    0.95020E-03
    0.34801E+02    0.90021E-03
    0.35504E+02    0.85282E-03
    0.36222E+02    0.80791E-03
    0.36953E+02    0.76535E-03
    0.37700E+02    0.72501E-03
    0.38462E+02    0.68678E-03
    0.39239E+02    0.65055E-03
    0.40031E+02    0.61622E-03
    0.40840E+02    0.58369E-03
    0.41665E+02    0.55285E-03
    0.42507E+02    0.52364E-03
    0.43365E+02    0.49595E-03
    0.44241E+02    0.46972E-03
    0.45135E+02    0.44486E-03
    0.46047E+02    0.42131E-03
    0.46977E+02    0.39900E-03
    0.47926E+02    0.37786E-03
    0.48894E+02    0.35782E-03
    0.49882E+02    0.33885E-03
    0.50890E+02    0.32087E-03
    0.51918E+02    0.30383E-03
    0.52966E+02    0.28770E-03
    0.54036E+02    0.27241E-03
    0.55128E+02    0.25793E-03
    0.56242E+02    0.24421E-03
    0.57378E+02    0.23121E-03
    0.58537E+02    0.21890E-03
    0.59720E+02    0.20724E-03
    0.60926E+02    0.19620E-03
    0.62157E+02    0.18574E-03
    0.63412E+02    0.17583E-03
    0.64693E+02    0.16644E-03
    0.66000E+02    0.15756E-03
    0.67334E+02    0.14914E-03
    0.68694E+02    0.14117E-03
    0.70082E+02    0.13362E-03
    0.71497E+02    0.12647E-03
    0.72942E+02    0.11969E-03
    0.74415E+02    0.11328E-03
    0.75918E+02    0.10721E-03
    0.77452E+02    0.10146E-03
    0.79017E+02    0.96014E-04
    0.80613E+02    0.90858E-04
    0.82241E+02    0.85976E-04
    0.83903E+02    0.81354E-04
    0.85598E+02    0.76978E-04
    0.87327E+02    0.72834E-04
    0.89091E+02    0.68910E-04
    0.90891E+02    0.65196E-04
    0.92727E+02    0.61680E-04
    0.94600E+02    0.58350E-04
    0.96511E+02    0.55199E-04
    0.98461E+02    0.52215E-04
    0.10045E+03    0.49391E-04
    0.10248E+03    0.46717E-04
    0.10455E+03    0.44187E-04
    0.10666E+03    0.41791E-04
    0.10882E+03    0.39524E-04
    0.11101E+03    0.37378E-04
    0.11326E+03    0.35346E-04
    0.11554E+03    0.33424E-04
    0.11788E+03    0.31604E-04
    0.12026E+03    0.29882E-04
    0.12269E+03    0.28252E-04
    0.12517E+03    0.26710E-04
    0.12770E+03    0.25251E-04
    0.13028E+03    0.23870E-04
    0.13291E+03    0.22563E-04
    0.13559E+03    0.21326E-04
    0.13833E+03    0.20156E-04
    0.14113E+03    0.19049E-04
    0.14398E+03    0.18002E-04
    0.14689E+03    0.17011E-04
    0.14985E+03    0.16074E-04
    0.15288E+03    0.15187E-04
    0.15597E+03    0.14348E-04
    0.15912E+03    0.13554E-04
    0.16233E+03    0.12804E-04
    0.16561E+03    0.12094E-04
    0.16896E+03    0.11422E-04
    0.17237E+03    0.10787E-04
    0.17585E+03    0.10186E-04
    0.17941E+03    0.96183E-05
    0.18303E+03    0.90811E-05
    0.18673E+03    0.85731E-05
    0.19050E+03    0.80928E-05
    0.19435E+03    0.76387E-05
    0.19828E+03    0.72094E-05
