#           k/h    P           
    0.10000E-03    0.30751E+01
    0.10202E-03    0.31354E+01
    0.10408E-03    0.31970E+01
    0.10618E-03    0.32597E+01
    0.10833E-03    0.33237E+01
    0.11052E-03    0.33889E+01
    0.11275E-03    0.34554E+01
    0.11503E-03    0.35232E+01
    0.11735E-03    0.35923E+01
    0.11972E-03    0.36628E+01
    0.12214E-03    0.37347E+01
    0.12461E-03    0.38080E+01
    0.12712E-03    0.38827E+01
    0.12969E-03    0.39589E+01
    0.13231E-03    0.40365E+01
    0.13499E-03    0.41157E+01
    0.13771E-03    0.41965E+01
    0.14049E-03    0.42788E+01
    0.14333E-03    0.43628E+01
    0.14623E-03    0.44484E+01
    0.14918E-03    0.45356E+01
    0.15220E-03    0.46246E+01
    0.15527E-03    0.47153E+01
    0.15841E-03    0.48078E+01
    0.16161E-03    0.49021E+01
    0.16487E-03    0.49983E+01
    0.16820E-03    0.50963E+01
    0.17160E-03    0.51963E+01
    0.17507E-03    0.52982E+01
    0.17860E-03    0.54021E+01
    0.18221E-03    0.55081E+01
    0.18589E-03    0.56161E+01
    0.18965E-03    0.57263E+01
    0.19348E-03    0.58385E+01
    0.19739E-03    0.59530E+01
    0.20138E-03    0.60698E+01
    0.20544E-03    0.61888E+01
    0.20959E-03    0.63101E+01
    0.21383E-03    0.64338E+01
    0.21815E-03    0.65600E+01
    0.22255E-03    0.66886E+01
    0.22705E-03    0.68197E+01
    0.23164E-03    0.69534E+01
    0.23632E-03    0.70896E+01
    0.24109E-03    0.72286E+01
    0.24596E-03    0.73703E+01
    0.25093E-03    0.75147E+01
    0.25600E-03    0.76619E+01
    0.26117E-03    0.78121E+01
    0.26645E-03    0.79651E+01
    0.27183E-03    0.81212E+01
    0.27732E-03    0.82803E+01
    0.28292E-03    0.84424E+01
    0.28864E-03    0.86078E+01
    0.29447E-03    0.87764E+01
    0.30042E-03    0.89482E+01
    0.30649E-03    0.91234E+01
    0.31268E-03    0.93021E+01
    0.31899E-03    0.94842E+01
    0.32544E-03    0.96698E+01
    0.33201E-03    0.98590E+01
    0.33872E-03    0.10052E+02
    0.34556E-03    0.10249E+02
    0.35254E-03    0.10449E+02
    0.35966E-03    0.10654E+02
    0.36693E-03    0.10862E+02
    0.37434E-03    0.11074E+02
    0.38190E-03    0.11291E+02
    0.38962E-03    0.11512E+02
    0.39749E-03    0.11737E+02
    0.40552E-03    0.11966E+02
    0.41371E-03    0.12200E+02
    0.42207E-03    0.12438E+02
    0.43060E-03    0.12681E+02
    0.43929E-03    0.12929E+02
    0.44817E-03    0.13181E+02
    0.45722E-03    0.13438E+02
    0.46646E-03    0.13701E+02
    0.47588E-03    0.13968E+02
    0.48550E-03    0.14240E+02
    0.49530E-03    0.14518E+02
    0.50531E-03    0.14801E+02
    0.51552E-03    0.15090E+02
    0.52593E-03    0.15384E+02
    0.53656E-03    0.15683E+02
    0.54739E-03    0.15989E+02
    0.55845E-03    0.16300E+02
    0.56973E-03    0.16617E+02
    0.58124E-03    0.16940E+02
    0.59299E-03    0.17270E+02
    0.60496E-03    0.17605E+02
    0.61719E-03    0.17947E+02
    0.62965E-03    0.18296E+02
    0.64237E-03    0.18651E+02
    0.65535E-03    0.19013E+02
    0.66859E-03    0.19382E+02
    0.68210E-03    0.19758E+02
    0.69588E-03    0.20140E+02
    0.70993E-03    0.20530E+02
    0.72427E-03    0.20928E+02
    0.73891E-03    0.21333E+02
    0.75383E-03    0.21745E+02
    0.76906E-03    0.22165E+02
    0.78460E-03    0.22593E+02
    0.80045E-03    0.23029E+02
    0.81662E-03    0.23473E+02
    0.83311E-03    0.23926E+02
    0.84994E-03    0.24386E+02
    0.86711E-03    0.24856E+02
    0.88463E-03    0.25333E+02
    0.90250E-03    0.25820E+02
    0.92073E-03    0.26316E+02
    0.93933E-03    0.26820E+02
    0.95831E-03    0.27334E+02
    0.97767E-03    0.27857E+02
    0.99742E-03    0.28390E+02
    0.10176E-02    0.28932E+02
    0.10381E-02    0.29484E+02
    0.10591E-02    0.30046E+02
    0.10805E-02    0.30618E+02
    0.11023E-02    0.31200E+02
    0.11246E-02    0.31793E+02
    0.11473E-02    0.32396E+02
    0.11705E-02    0.33009E+02
    0.11941E-02    0.33634E+02
    0.12182E-02    0.34269E+02
    0.12429E-02    0.34915E+02
    0.12680E-02    0.35573E+02
    0.12936E-02    0.36241E+02
    0.13197E-02    0.36922E+02
    0.13464E-02    0.37613E+02
    0.13736E-02    0.38317E+02
    0.14013E-02    0.39032E+02
    0.14296E-02    0.39759E+02
    0.14585E-02    0.40499E+02
    0.14880E-02    0.41250E+02
    0.15180E-02    0.42014E+02
    0.15487E-02    0.42790E+02
    0.15800E-02    0.43579E+02
    0.16119E-02    0.44380E+02
    0.16445E-02    0.45194E+02
    0.16777E-02    0.46021E+02
    0.17116E-02    0.46862E+02
    0.17462E-02    0.47714E+02
    0.17814E-02    0.48581E+02
    0.18174E-02    0.49460E+02
    0.18541E-02    0.50352E+02
    0.18916E-02    0.51258E+02
    0.19298E-02    0.52177E+02
    0.19688E-02    0.53110E+02
    0.20086E-02    0.54056E+02
    0.20491E-02    0.55015E+02
    0.20905E-02    0.55988E+02
    0.21328E-02    0.56975E+02
    0.21758E-02    0.57975E+02
    0.22198E-02    0.58989E+02
    0.22646E-02    0.60016E+02
    0.23104E-02    0.61057E+02
    0.23571E-02    0.62111E+02
    0.24047E-02    0.63178E+02
    0.24533E-02    0.64259E+02
    0.25028E-02    0.65354E+02
    0.25534E-02    0.66461E+02
    0.26050E-02    0.67582E+02
    0.26576E-02    0.68716E+02
    0.27113E-02    0.69863E+02
    0.27660E-02    0.71022E+02
    0.28219E-02    0.72195E+02
    0.28789E-02    0.73380E+02
    0.29371E-02    0.74577E+02
    0.29964E-02    0.75787E+02
    0.30569E-02    0.77008E+02
    0.31187E-02    0.78242E+02
    0.31817E-02    0.79487E+02
    0.32460E-02    0.80743E+02
    0.33115E-02    0.82011E+02
    0.33784E-02    0.83289E+02
    0.34467E-02    0.84578E+02
    0.35163E-02    0.85878E+02
    0.35874E-02    0.87187E+02
    0.36598E-02    0.88506E+02
    0.37338E-02    0.89834E+02
    0.38092E-02    0.91171E+02
    0.38861E-02    0.92517E+02
    0.39646E-02    0.93871E+02
    0.40447E-02    0.95232E+02
    0.41264E-02    0.96601E+02
    0.42098E-02    0.97977E+02
    0.42948E-02    0.99359E+02
    0.43816E-02    0.10075E+03
    0.44701E-02    0.10214E+03
    0.45604E-02    0.10354E+03
    0.46525E-02    0.10494E+03
    0.47465E-02    0.10635E+03
    0.48424E-02    0.10776E+03
    0.49402E-02    0.10917E+03
    0.50400E-02    0.11058E+03
    0.51419E-02    0.11199E+03
    0.52457E-02    0.11341E+03
    0.53517E-02    0.11482E+03
    0.54598E-02    0.11624E+03
    0.55701E-02    0.11765E+03
    0.56826E-02    0.11906E+03
    0.57974E-02    0.12047E+03
    0.59145E-02    0.12187E+03
    0.60340E-02    0.12327E+03
    0.61559E-02    0.12466E+03
    0.62803E-02    0.12605E+03
    0.64072E-02    0.12743E+03
    0.65366E-02    0.12880E+03
    0.66686E-02    0.13016E+03
    0.68033E-02    0.13152E+03
    0.69408E-02    0.13286E+03
    0.70810E-02    0.13419E+03
    0.72240E-02    0.13550E+03
    0.73700E-02    0.13680E+03
    0.75189E-02    0.13809E+03
    0.76708E-02    0.13936E+03
    0.78257E-02    0.14061E+03
    0.79838E-02    0.14184E+03
    0.81451E-02    0.14305E+03
    0.83096E-02    0.14424E+03
    0.84775E-02    0.14541E+03
    0.86488E-02    0.14656E+03
    0.88235E-02    0.14767E+03
    0.90017E-02    0.14877E+03
    0.91836E-02    0.14983E+03
    0.93691E-02    0.15087E+03
    0.95583E-02    0.15187E+03
    0.97514E-02    0.15284E+03
    0.99484E-02    0.15378E+03
    0.10149E-01    0.15468E+03
    0.10354E-01    0.15555E+03
    0.10564E-01    0.15638E+03
    0.10777E-01    0.15716E+03
    0.10995E-01    0.15791E+03
    0.11217E-01    0.15861E+03
    0.11443E-01    0.15927E+03
    0.11675E-01    0.15988E+03
    0.11910E-01    0.16045E+03
    0.12151E-01    0.16096E+03
    0.12397E-01    0.16143E+03
    0.12647E-01    0.16184E+03
    0.12902E-01    0.16219E+03
    0.13163E-01    0.16250E+03
    0.13429E-01    0.16274E+03
    0.13700E-01    0.16293E+03
    0.13977E-01    0.16305E+03
    0.14259E-01    0.16311E+03
    0.14547E-01    0.16311E+03
    0.14841E-01    0.16305E+03
    0.15141E-01    0.16292E+03
    0.15447E-01    0.16272E+03
    0.15759E-01    0.16245E+03
    0.16077E-01    0.16211E+03
    0.16402E-01    0.16170E+03
    0.16734E-01    0.16122E+03
    0.17072E-01    0.16066E+03
    0.17416E-01    0.16003E+03
    0.17768E-01    0.15933E+03
    0.18127E-01    0.15855E+03
    0.18493E-01    0.15769E+03
    0.18867E-01    0.15675E+03
    0.19248E-01    0.15574E+03
    0.19637E-01    0.15466E+03
    0.20034E-01    0.15350E+03
    0.20438E-01    0.15226E+03
    0.20851E-01    0.15095E+03
    0.21272E-01    0.14957E+03
    0.21702E-01    0.14811E+03
    0.22141E-01    0.14658E+03
    0.22588E-01    0.14499E+03
    0.23044E-01    0.14332E+03
    0.23510E-01    0.14159E+03
    0.23985E-01    0.13979E+03
    0.24469E-01    0.13793E+03
    0.24964E-01    0.13602E+03
    0.25468E-01    0.13405E+03
    0.25982E-01    0.13203E+03
    0.26507E-01    0.12997E+03
    0.27043E-01    0.12786E+03
    0.27589E-01    0.12572E+03
    0.28146E-01    0.12354E+03
    0.28715E-01    0.12133E+03
    0.29295E-01    0.11910E+03
    0.29887E-01    0.11685E+03
    0.30490E-01    0.11458E+03
    0.31106E-01    0.11231E+03
    0.31735E-01    0.11004E+03
    0.32376E-01    0.10777E+03
    0.33030E-01    0.10552E+03
    0.33697E-01    0.10327E+03
    0.34378E-01    0.10106E+03
    0.35072E-01    0.98865E+02
    0.35781E-01    0.96708E+02
    0.36504E-01    0.94589E+02
    0.37241E-01    0.92515E+02
    0.37993E-01    0.90490E+02
    0.38761E-01    0.88520E+02
    0.39544E-01    0.86609E+02
    0.40343E-01    0.84760E+02
    0.41158E-01    0.82977E+02
    0.41989E-01    0.81261E+02
    0.42838E-01    0.79617E+02
    0.43703E-01    0.78045E+02
    0.44586E-01    0.76546E+02
    0.45486E-01    0.75121E+02
    0.46405E-01    0.73768E+02
    0.47343E-01    0.72486E+02
    0.48299E-01    0.71273E+02
    0.49275E-01    0.70126E+02
    0.50270E-01    0.69041E+02
    0.51286E-01    0.68013E+02
    0.52322E-01    0.67035E+02
    0.53379E-01    0.66100E+02
    0.54457E-01    0.65202E+02
    0.55557E-01    0.64331E+02
    0.56680E-01    0.63479E+02
    0.57825E-01    0.62636E+02
    0.58993E-01    0.61790E+02
    0.60184E-01    0.60932E+02
    0.61400E-01    0.60051E+02
    0.62641E-01    0.59138E+02
    0.63906E-01    0.58182E+02
    0.65197E-01    0.57175E+02
    0.66514E-01    0.56108E+02
    0.67858E-01    0.54977E+02
    0.69229E-01    0.53776E+02
    0.70627E-01    0.52504E+02
    0.72054E-01    0.51162E+02
    0.73510E-01    0.49751E+02
    0.74994E-01    0.48279E+02
    0.76509E-01    0.46753E+02
    0.78055E-01    0.45184E+02
    0.79632E-01    0.43585E+02
    0.81241E-01    0.41972E+02
    0.82882E-01    0.40362E+02
    0.84556E-01    0.38770E+02
    0.86264E-01    0.37215E+02
    0.88007E-01    0.35714E+02
    0.89785E-01    0.34283E+02
    0.91598E-01    0.32935E+02
    0.93449E-01    0.31683E+02
    0.95337E-01    0.30535E+02
    0.97263E-01    0.29497E+02
    0.99227E-01    0.28571E+02
    0.10123E+00    0.27755E+02
    0.10328E+00    0.27043E+02
    0.10536E+00    0.26427E+02
    0.10749E+00    0.25892E+02
    0.10966E+00    0.25423E+02
    0.11188E+00    0.25000E+02
    0.11414E+00    0.24602E+02
    0.11644E+00    0.24207E+02
    0.11880E+00    0.23792E+02
    0.12120E+00    0.23338E+02
    0.12365E+00    0.22827E+02
    0.12614E+00    0.22248E+02
    0.12869E+00    0.21596E+02
    0.13129E+00    0.20871E+02
    0.13394E+00    0.20084E+02
    0.13665E+00    0.19248E+02
    0.13941E+00    0.18385E+02
    0.14223E+00    0.17519E+02
    0.14510E+00    0.16674E+02
    0.14803E+00    0.15875E+02
    0.15102E+00    0.15141E+02
    0.15407E+00    0.14488E+02
    0.15718E+00    0.13923E+02
    0.16036E+00    0.13447E+02
    0.16360E+00    0.13053E+02
    0.16690E+00    0.12729E+02
    0.17028E+00    0.12453E+02
    0.17371E+00    0.12204E+02
    0.17722E+00    0.11957E+02
    0.18080E+00    0.11690E+02
    0.18446E+00    0.11383E+02
    0.18818E+00    0.11028E+02
    0.19198E+00    0.10624E+02
    0.19586E+00    0.10179E+02
    0.19982E+00    0.97091E+01
    0.20386E+00    0.92370E+01
    0.20797E+00    0.87843E+01
    0.21218E+00    0.83702E+01
    0.21646E+00    0.80076E+01
    0.22083E+00    0.77012E+01
    0.22530E+00    0.74469E+01
    0.22985E+00    0.72329E+01
    0.23449E+00    0.70421E+01
    0.23923E+00    0.68557E+01
    0.24406E+00    0.66569E+01
    0.24899E+00    0.64349E+01
    0.25402E+00    0.61874E+01
    0.25915E+00    0.59206E+01
    0.26439E+00    0.56472E+01
    0.26973E+00    0.53822E+01
    0.27518E+00    0.51389E+01
    0.28074E+00    0.49251E+01
    0.28641E+00    0.47413E+01
    0.29219E+00    0.45813E+01
    0.29810E+00    0.44343E+01
    0.30412E+00    0.42886E+01
    0.31026E+00    0.41355E+01
    0.31653E+00    0.39721E+01
    0.32292E+00    0.38017E+01
    0.32945E+00    0.36320E+01
    0.33610E+00    0.34713E+01
    0.34289E+00    0.33253E+01
    0.34982E+00    0.31949E+01
    0.35689E+00    0.30767E+01
    0.36409E+00    0.29643E+01
    0.37145E+00    0.28520E+01
    0.37895E+00    0.27372E+01
    0.38661E+00    0.26210E+01
    0.39442E+00    0.25073E+01
    0.40239E+00    0.24000E+01
    0.41052E+00    0.23010E+01
    0.41881E+00    0.22094E+01
    0.42727E+00    0.21224E+01
    0.43590E+00    0.20371E+01
    0.44471E+00    0.19524E+01
    0.45369E+00    0.18691E+01
    0.46286E+00    0.17890E+01
    0.47221E+00    0.17136E+01
    0.48174E+00    0.16427E+01
    0.49148E+00    0.15750E+01
    0.50141E+00    0.15094E+01
    0.51153E+00    0.14454E+01
    0.52187E+00    0.13834E+01
    0.53241E+00    0.13242E+01
    0.54317E+00    0.12680E+01
    0.55414E+00    0.12144E+01
    0.56533E+00    0.11627E+01
    0.57675E+00    0.11128E+01
    0.58840E+00    0.10647E+01
    0.60029E+00    0.10188E+01
    0.61242E+00    0.97489E+00
    0.62479E+00    0.93284E+00
    0.63741E+00    0.89240E+00
    0.65029E+00    0.85356E+00
    0.66342E+00    0.81635E+00
    0.67683E+00    0.78075E+00
    0.69050E+00    0.74665E+00
    0.70445E+00    0.71393E+00
    0.71868E+00    0.68256E+00
    0.73320E+00    0.65252E+00
    0.74801E+00    0.62376E+00
    0.76312E+00    0.59621E+00
    0.77854E+00    0.56981E+00
    0.79426E+00    0.54453E+00
    0.81031E+00    0.52033E+00
    0.82668E+00    0.49716E+00
    0.84338E+00    0.47497E+00
    0.86041E+00    0.45374E+00
    0.87780E+00    0.43342E+00
    0.89553E+00    0.41398E+00
    0.91362E+00    0.39537E+00
    0.93208E+00    0.37757E+00
    0.95091E+00    0.36054E+00
    0.97011E+00    0.34425E+00
    0.98971E+00    0.32866E+00
    0.10097E+01    0.31376E+00
    0.10301E+01    0.29951E+00
    0.10509E+01    0.28588E+00
    0.10721E+01    0.27285E+00
    0.10938E+01    0.26039E+00
    0.11159E+01    0.24849E+00
    0.11384E+01    0.23711E+00
    0.11614E+01    0.22623E+00
    0.11849E+01    0.21584E+00
    0.12088E+01    0.20591E+00
    0.12333E+01    0.19642E+00
    0.12582E+01    0.18735E+00
    0.12836E+01    0.17869E+00
    0.13095E+01    0.17042E+00
    0.13360E+01    0.16251E+00
    0.13630E+01    0.15497E+00
    0.13905E+01    0.14776E+00
    0.14186E+01    0.14088E+00
    0.14472E+01    0.13431E+00
    0.14765E+01    0.12804E+00
    0.15063E+01    0.12205E+00
    0.15367E+01    0.11634E+00
    0.15678E+01    0.11088E+00
    0.15994E+01    0.10567E+00
    0.16318E+01    0.10071E+00
    0.16647E+01    0.95965E-01
    0.16984E+01    0.91442E-01
    0.17327E+01    0.87125E-01
    0.17677E+01    0.83007E-01
    0.18034E+01    0.79079E-01
    0.18398E+01    0.75332E-01
    0.18770E+01    0.71759E-01
    0.19149E+01    0.68350E-01
    0.19536E+01    0.65099E-01
    0.19930E+01    0.61998E-01
    0.20333E+01    0.59046E-01
    0.20744E+01    0.56226E-01
    0.21163E+01    0.53537E-01
    0.21590E+01    0.50978E-01
    0.22026E+01    0.48538E-01
    0.22471E+01    0.46208E-01
    0.22925E+01    0.43990E-01
    0.23388E+01    0.41878E-01
    0.23861E+01    0.39861E-01
    0.24343E+01    0.37941E-01
    0.24835E+01    0.36114E-01
    0.25336E+01    0.34369E-01
    0.25848E+01    0.32709E-01
    0.26370E+01    0.31127E-01
    0.26903E+01    0.29619E-01
    0.27447E+01    0.28184E-01
    0.28001E+01    0.26817E-01
    0.28567E+01    0.25514E-01
    0.29144E+01    0.24274E-01
    0.29733E+01    0.23092E-01
    0.30333E+01    0.21968E-01
    0.30946E+01    0.20896E-01
    0.31571E+01    0.19876E-01
    0.32209E+01    0.18905E-01
    0.32860E+01    0.17980E-01
    0.33523E+01    0.17101E-01
    0.34201E+01    0.16262E-01
    0.34892E+01    0.15465E-01
    0.35596E+01    0.14706E-01
    0.36316E+01    0.13984E-01
    0.37049E+01    0.13296E-01
    0.37798E+01    0.12641E-01
    0.38561E+01    0.12019E-01
    0.39340E+01    0.11426E-01
    0.40135E+01    0.10862E-01
    0.40946E+01    0.10326E-01
    0.41773E+01    0.98155E-02
    0.42617E+01    0.93296E-02
    0.43478E+01    0.88678E-02
    0.44356E+01    0.84283E-02
    0.45252E+01    0.80103E-02
    0.46166E+01    0.76126E-02
    0.47099E+01    0.72344E-02
    0.48050E+01    0.68748E-02
    0.49021E+01    0.65326E-02
    0.50011E+01    0.62073E-02
    0.51021E+01    0.58980E-02
    0.52052E+01    0.56038E-02
    0.53104E+01    0.53241E-02
    0.54176E+01    0.50581E-02
    0.55271E+01    0.48053E-02
    0.56387E+01    0.45649E-02
    0.57526E+01    0.43363E-02
    0.58689E+01    0.41190E-02
    0.59874E+01    0.39125E-02
    0.61084E+01    0.37162E-02
    0.62318E+01    0.35296E-02
    0.63577E+01    0.33523E-02
    0.64861E+01    0.31837E-02
    0.66171E+01    0.30235E-02
    0.67508E+01    0.28712E-02
    0.68872E+01    0.27265E-02
    0.70263E+01    0.25890E-02
    0.71682E+01    0.24584E-02
    0.73130E+01    0.23343E-02
    0.74608E+01    0.22163E-02
    0.76115E+01    0.21043E-02
    0.77653E+01    0.19978E-02
    0.79221E+01    0.18967E-02
    0.80822E+01    0.18006E-02
    0.82454E+01    0.17093E-02
    0.84120E+01    0.16226E-02
    0.85819E+01    0.15402E-02
    0.87553E+01    0.14620E-02
    0.89322E+01    0.13877E-02
    0.91126E+01    0.13171E-02
    0.92967E+01    0.12501E-02
    0.94845E+01    0.11865E-02
    0.96761E+01    0.11260E-02
    0.98716E+01    0.10686E-02
    0.10071E+02    0.10141E-02
    0.10274E+02    0.96234E-03
    0.10482E+02    0.91320E-03
    0.10694E+02    0.86653E-03
    0.10910E+02    0.82222E-03
    0.11130E+02    0.78016E-03
    0.11355E+02    0.74023E-03
    0.11584E+02    0.70232E-03
    0.11818E+02    0.66633E-03
    0.12057E+02    0.63215E-03
    0.12301E+02    0.59972E-03
    0.12549E+02    0.56894E-03
    0.12803E+02    0.53972E-03
    0.13061E+02    0.51198E-03
    0.13325E+02    0.48566E-03
    0.13594E+02    0.46068E-03
    0.13869E+02    0.43696E-03
    0.14149E+02    0.41446E-03
    0.14435E+02    0.39311E-03
    0.14727E+02    0.37284E-03
    0.15024E+02    0.35361E-03
    0.15328E+02    0.33536E-03
    0.15637E+02    0.31804E-03
    0.15953E+02    0.30161E-03
    0.16275E+02    0.28603E-03
    0.16604E+02    0.27123E-03
    0.16940E+02    0.25720E-03
    0.17282E+02    0.24389E-03
    0.17631E+02    0.23126E-03
    0.17987E+02    0.21927E-03
    0.18351E+02    0.20791E-03
    0.18721E+02    0.19712E-03
    0.19099E+02    0.18689E-03
    0.19485E+02    0.17719E-03
    0.19879E+02    0.16799E-03
    0.20280E+02    0.15926E-03
    0.20690E+02    0.15098E-03
    0.21108E+02    0.14313E-03
    0.21535E+02    0.13568E-03
    0.21970E+02    0.12861E-03
    0.22413E+02    0.12191E-03
    0.22866E+02    0.11556E-03
    0.23328E+02    0.10954E-03
    0.23799E+02    0.10382E-03
    0.24280E+02    0.98405E-04
    0.24771E+02    0.93267E-04
    0.25271E+02    0.88396E-04
    0.25782E+02    0.83777E-04
    0.26302E+02    0.79397E-04
    0.26834E+02    0.75244E-04
    0.27376E+02    0.71307E-04
    0.27929E+02    0.67574E-04
    0.28493E+02    0.64035E-04
    0.29069E+02    0.60680E-04
    0.29656E+02    0.57499E-04
    0.30255E+02    0.54484E-04
    0.30866E+02    0.51625E-04
    0.31490E+02    0.48916E-04
    0.32126E+02    0.46347E-04
    0.32775E+02    0.43912E-04
    0.33437E+02    0.41605E-04
    0.34112E+02    0.39417E-04
    0.34801E+02    0.37344E-04
    0.35504E+02    0.35379E-04
    0.36222E+02    0.33516E-04
    0.36953E+02    0.31751E-04
    0.37700E+02    0.30078E-04
    0.38462E+02    0.28492E-04
    0.39239E+02    0.26989E-04
    0.40031E+02    0.25565E-04
    0.40840E+02    0.24216E-04
    0.41665E+02    0.22937E-04
    0.42507E+02    0.21725E-04
    0.43365E+02    0.20577E-04
    0.44241E+02    0.19489E-04
    0.45135E+02    0.18458E-04
    0.46047E+02    0.17481E-04
    0.46977E+02    0.16556E-04
    0.47926E+02    0.15679E-04
    0.48894E+02    0.14848E-04
    0.49882E+02    0.14061E-04
    0.50890E+02    0.13315E-04
    0.51918E+02    0.12609E-04
    0.52966E+02    0.11939E-04
    0.54036E+02    0.11305E-04
    0.55128E+02    0.10704E-04
    0.56242E+02    0.10135E-04
    0.57378E+02    0.95963E-05
    0.58537E+02    0.90857E-05
    0.59720E+02    0.86020E-05
    0.60926E+02    0.81439E-05
    0.62157E+02    0.77099E-05
    0.63412E+02    0.72989E-05
    0.64693E+02    0.69096E-05
    0.66000E+02    0.65409E-05
    0.67334E+02    0.61917E-05
    0.68694E+02    0.58610E-05
    0.70082E+02    0.55478E-05
    0.71497E+02    0.52511E-05
    0.72942E+02    0.49702E-05
    0.74415E+02    0.47042E-05
    0.75918E+02    0.44522E-05
    0.77452E+02    0.42137E-05
    0.79017E+02    0.39878E-05
    0.80613E+02    0.37739E-05
    0.82241E+02    0.35713E-05
    0.83903E+02    0.33795E-05
    0.85598E+02    0.31980E-05
    0.87327E+02    0.30260E-05
    0.89091E+02    0.28632E-05
    0.90891E+02    0.27091E-05
    0.92727E+02    0.25632E-05
    0.94600E+02    0.24250E-05
    0.96511E+02    0.22942E-05
    0.98461E+02    0.21704E-05
    0.10045E+03    0.20532E-05
    0.10248E+03    0.19423E-05
    0.10455E+03    0.18372E-05
    0.10666E+03    0.17378E-05
    0.10882E+03    0.16437E-05
    0.11101E+03    0.15546E-05
    0.11326E+03    0.14703E-05
    0.11554E+03    0.13905E-05
    0.11788E+03    0.13150E-05
    0.12026E+03    0.12435E-05
    0.12269E+03    0.11758E-05
    0.12517E+03    0.11118E-05
    0.12770E+03    0.10512E-05
    0.13028E+03    0.99387E-06
    0.13291E+03    0.93960E-06
    0.13559E+03    0.88826E-06
    0.13833E+03    0.83967E-06
    0.14113E+03    0.79369E-06
    0.14398E+03    0.75019E-06
    0.14689E+03    0.70903E-06
    0.14985E+03    0.67009E-06
    0.15288E+03    0.63325E-06
    0.15597E+03    0.59840E-06
    0.15912E+03    0.56543E-06
    0.16233E+03    0.53423E-06
    0.16561E+03    0.50473E-06
    0.16896E+03    0.47682E-06
    0.17237E+03    0.45042E-06
    0.17585E+03    0.42545E-06
    0.17941E+03    0.40183E-06
    0.18303E+03    0.37950E-06
    0.18673E+03    0.35838E-06
    0.19050E+03    0.33840E-06
    0.19435E+03    0.31951E-06
    0.19828E+03    0.30165E-06
