#           k/h    P           
    0.10000E-03    0.36468E+03
    0.10202E-03    0.37183E+03
    0.10408E-03    0.37913E+03
    0.10618E-03    0.38657E+03
    0.10833E-03    0.39415E+03
    0.11052E-03    0.40189E+03
    0.11275E-03    0.40977E+03
    0.11503E-03    0.41781E+03
    0.11735E-03    0.42601E+03
    0.11972E-03    0.43436E+03
    0.12214E-03    0.44288E+03
    0.12461E-03    0.45157E+03
    0.12712E-03    0.46043E+03
    0.12969E-03    0.46946E+03
    0.13231E-03    0.47867E+03
    0.13499E-03    0.48806E+03
    0.13771E-03    0.49763E+03
    0.14049E-03    0.50739E+03
    0.14333E-03    0.51734E+03
    0.14623E-03    0.52749E+03
    0.14918E-03    0.53783E+03
    0.15220E-03    0.54838E+03
    0.15527E-03    0.55913E+03
    0.15841E-03    0.57010E+03
    0.16161E-03    0.58127E+03
    0.16487E-03    0.59267E+03
    0.16820E-03    0.60429E+03
    0.17160E-03    0.61614E+03
    0.17507E-03    0.62822E+03
    0.17860E-03    0.64053E+03
    0.18221E-03    0.65309E+03
    0.18589E-03    0.66589E+03
    0.18965E-03    0.67894E+03
    0.19348E-03    0.69224E+03
    0.19739E-03    0.70581E+03
    0.20138E-03    0.71964E+03
    0.20544E-03    0.73374E+03
    0.20959E-03    0.74811E+03
    0.21383E-03    0.76277E+03
    0.21815E-03    0.77771E+03
    0.22255E-03    0.79295E+03
    0.22705E-03    0.80848E+03
    0.23164E-03    0.82431E+03
    0.23632E-03    0.84045E+03
    0.24109E-03    0.85691E+03
    0.24596E-03    0.87368E+03
    0.25093E-03    0.89079E+03
    0.25600E-03    0.90822E+03
    0.26117E-03    0.92600E+03
    0.26645E-03    0.94412E+03
    0.27183E-03    0.96259E+03
    0.27732E-03    0.98143E+03
    0.28292E-03    0.10006E+04
    0.28864E-03    0.10202E+04
    0.29447E-03    0.10401E+04
    0.30042E-03    0.10605E+04
    0.30649E-03    0.10812E+04
    0.31268E-03    0.11024E+04
    0.31899E-03    0.11239E+04
    0.32544E-03    0.11459E+04
    0.33201E-03    0.11682E+04
    0.33872E-03    0.11911E+04
    0.34556E-03    0.12143E+04
    0.35254E-03    0.12380E+04
    0.35966E-03    0.12622E+04
    0.36693E-03    0.12868E+04
    0.37434E-03    0.13120E+04
    0.38190E-03    0.13375E+04
    0.38962E-03    0.13636E+04
    0.39749E-03    0.13902E+04
    0.40552E-03    0.14173E+04
    0.41371E-03    0.14449E+04
    0.42207E-03    0.14731E+04
    0.43060E-03    0.15018E+04
    0.43929E-03    0.15310E+04
    0.44817E-03    0.15608E+04
    0.45722E-03    0.15912E+04
    0.46646E-03    0.16222E+04
    0.47588E-03    0.16537E+04
    0.48550E-03    0.16859E+04
    0.49530E-03    0.17186E+04
    0.50531E-03    0.17520E+04
    0.51552E-03    0.17860E+04
    0.52593E-03    0.18207E+04
    0.53656E-03    0.18560E+04
    0.54739E-03    0.18920E+04
    0.55845E-03    0.19287E+04
    0.56973E-03    0.19661E+04
    0.58124E-03    0.20041E+04
    0.59299E-03    0.20429E+04
    0.60496E-03    0.20825E+04
    0.61719E-03    0.21227E+04
    0.62965E-03    0.21638E+04
    0.64237E-03    0.22055E+04
    0.65535E-03    0.22481E+04
    0.66859E-03    0.22915E+04
    0.68210E-03    0.23357E+04
    0.69588E-03    0.23807E+04
    0.70993E-03    0.24265E+04
    0.72427E-03    0.24732E+04
    0.73891E-03    0.25208E+04
    0.75383E-03    0.25692E+04
    0.76906E-03    0.26185E+04
    0.78460E-03    0.26688E+04
    0.80045E-03    0.27199E+04
    0.81662E-03    0.27720E+04
    0.83311E-03    0.28251E+04
    0.84994E-03    0.28791E+04
    0.86711E-03    0.29341E+04
    0.88463E-03    0.29901E+04
    0.90250E-03    0.30471E+04
    0.92073E-03    0.31051E+04
    0.93933E-03    0.31642E+04
    0.95831E-03    0.32243E+04
    0.97767E-03    0.32856E+04
    0.99742E-03    0.33479E+04
    0.10176E-02    0.34113E+04
    0.10381E-02    0.34758E+04
    0.10591E-02    0.35415E+04
    0.10805E-02    0.36084E+04
    0.11023E-02    0.36764E+04
    0.11246E-02    0.37456E+04
    0.11473E-02    0.38160E+04
    0.11705E-02    0.38876E+04
    0.11941E-02    0.39604E+04
    0.12182E-02    0.40345E+04
    0.12429E-02    0.41099E+04
    0.12680E-02    0.41866E+04
    0.12936E-02    0.42645E+04
    0.13197E-02    0.43438E+04
    0.13464E-02    0.44244E+04
    0.13736E-02    0.45063E+04
    0.14013E-02    0.45896E+04
    0.14296E-02    0.46742E+04
    0.14585E-02    0.47603E+04
    0.14880E-02    0.48477E+04
    0.15180E-02    0.49365E+04
    0.15487E-02    0.50268E+04
    0.15800E-02    0.51185E+04
    0.16119E-02    0.52117E+04
    0.16445E-02    0.53063E+04
    0.16777E-02    0.54024E+04
    0.17116E-02    0.55001E+04
    0.17462E-02    0.55991E+04
    0.17814E-02    0.56997E+04
    0.18174E-02    0.58018E+04
    0.18541E-02    0.59054E+04
    0.18916E-02    0.60105E+04
    0.19298E-02    0.61172E+04
    0.19688E-02    0.62254E+04
    0.20086E-02    0.63352E+04
    0.20491E-02    0.64465E+04
    0.20905E-02    0.65593E+04
    0.21328E-02    0.66738E+04
    0.21758E-02    0.67897E+04
    0.22198E-02    0.69072E+04
    0.22646E-02    0.70263E+04
    0.23104E-02    0.71469E+04
    0.23571E-02    0.72691E+04
    0.24047E-02    0.73928E+04
    0.24533E-02    0.75181E+04
    0.25028E-02    0.76449E+04
    0.25534E-02    0.77732E+04
    0.26050E-02    0.79030E+04
    0.26576E-02    0.80343E+04
    0.27113E-02    0.81671E+04
    0.27660E-02    0.83013E+04
    0.28219E-02    0.84371E+04
    0.28789E-02    0.85742E+04
    0.29371E-02    0.87128E+04
    0.29964E-02    0.88527E+04
    0.30569E-02    0.89940E+04
    0.31187E-02    0.91367E+04
    0.31817E-02    0.92807E+04
    0.32460E-02    0.94259E+04
    0.33115E-02    0.95724E+04
    0.33784E-02    0.97201E+04
    0.34467E-02    0.98690E+04
    0.35163E-02    0.10019E+05
    0.35874E-02    0.10170E+05
    0.36598E-02    0.10322E+05
    0.37338E-02    0.10476E+05
    0.38092E-02    0.10630E+05
    0.38861E-02    0.10785E+05
    0.39646E-02    0.10941E+05
    0.40447E-02    0.11098E+05
    0.41264E-02    0.11256E+05
    0.42098E-02    0.11414E+05
    0.42948E-02    0.11573E+05
    0.43816E-02    0.11733E+05
    0.44701E-02    0.11893E+05
    0.45604E-02    0.12053E+05
    0.46525E-02    0.12214E+05
    0.47465E-02    0.12376E+05
    0.48424E-02    0.12537E+05
    0.49402E-02    0.12699E+05
    0.50400E-02    0.12861E+05
    0.51419E-02    0.13023E+05
    0.52457E-02    0.13185E+05
    0.53517E-02    0.13346E+05
    0.54598E-02    0.13508E+05
    0.55701E-02    0.13669E+05
    0.56826E-02    0.13830E+05
    0.57974E-02    0.13990E+05
    0.59145E-02    0.14150E+05
    0.60340E-02    0.14309E+05
    0.61559E-02    0.14467E+05
    0.62803E-02    0.14625E+05
    0.64072E-02    0.14781E+05
    0.65366E-02    0.14936E+05
    0.66686E-02    0.15090E+05
    0.68033E-02    0.15243E+05
    0.69408E-02    0.15394E+05
    0.70810E-02    0.15544E+05
    0.72240E-02    0.15692E+05
    0.73700E-02    0.15838E+05
    0.75189E-02    0.15982E+05
    0.76708E-02    0.16124E+05
    0.78257E-02    0.16264E+05
    0.79838E-02    0.16402E+05
    0.81451E-02    0.16537E+05
    0.83096E-02    0.16669E+05
    0.84775E-02    0.16799E+05
    0.86488E-02    0.16925E+05
    0.88235E-02    0.17049E+05
    0.90017E-02    0.17169E+05
    0.91836E-02    0.17286E+05
    0.93691E-02    0.17399E+05
    0.95583E-02    0.17508E+05
    0.97514E-02    0.17614E+05
    0.99484E-02    0.17716E+05
    0.10149E-01    0.17813E+05
    0.10354E-01    0.17906E+05
    0.10564E-01    0.17994E+05
    0.10777E-01    0.18077E+05
    0.10995E-01    0.18156E+05
    0.11217E-01    0.18229E+05
    0.11443E-01    0.18297E+05
    0.11675E-01    0.18360E+05
    0.11910E-01    0.18417E+05
    0.12151E-01    0.18468E+05
    0.12397E-01    0.18513E+05
    0.12647E-01    0.18552E+05
    0.12902E-01    0.18585E+05
    0.13163E-01    0.18611E+05
    0.13429E-01    0.18630E+05
    0.13700E-01    0.18642E+05
    0.13977E-01    0.18648E+05
    0.14259E-01    0.18646E+05
    0.14547E-01    0.18637E+05
    0.14841E-01    0.18620E+05
    0.15141E-01    0.18596E+05
    0.15447E-01    0.18564E+05
    0.15759E-01    0.18523E+05
    0.16077E-01    0.18475E+05
    0.16402E-01    0.18419E+05
    0.16734E-01    0.18354E+05
    0.17072E-01    0.18281E+05
    0.17416E-01    0.18199E+05
    0.17768E-01    0.18109E+05
    0.18127E-01    0.18010E+05
    0.18493E-01    0.17903E+05
    0.18867E-01    0.17787E+05
    0.19248E-01    0.17662E+05
    0.19637E-01    0.17529E+05
    0.20034E-01    0.17387E+05
    0.20438E-01    0.17237E+05
    0.20851E-01    0.17079E+05
    0.21272E-01    0.16912E+05
    0.21702E-01    0.16737E+05
    0.22141E-01    0.16554E+05
    0.22588E-01    0.16364E+05
    0.23044E-01    0.16166E+05
    0.23510E-01    0.15961E+05
    0.23985E-01    0.15749E+05
    0.24469E-01    0.15530E+05
    0.24964E-01    0.15305E+05
    0.25468E-01    0.15074E+05
    0.25982E-01    0.14837E+05
    0.26507E-01    0.14596E+05
    0.27043E-01    0.14350E+05
    0.27589E-01    0.14100E+05
    0.28146E-01    0.13847E+05
    0.28715E-01    0.13590E+05
    0.29295E-01    0.13331E+05
    0.29887E-01    0.13071E+05
    0.30490E-01    0.12809E+05
    0.31106E-01    0.12547E+05
    0.31735E-01    0.12285E+05
    0.32376E-01    0.12024E+05
    0.33030E-01    0.11765E+05
    0.33697E-01    0.11507E+05
    0.34378E-01    0.11253E+05
    0.35072E-01    0.11001E+05
    0.35781E-01    0.10754E+05
    0.36504E-01    0.10512E+05
    0.37241E-01    0.10274E+05
    0.37993E-01    0.10043E+05
    0.38761E-01    0.98174E+04
    0.39544E-01    0.95991E+04
    0.40343E-01    0.93879E+04
    0.41158E-01    0.91843E+04
    0.41989E-01    0.89885E+04
    0.42838E-01    0.88008E+04
    0.43703E-01    0.86214E+04
    0.44586E-01    0.84503E+04
    0.45486E-01    0.82875E+04
    0.46405E-01    0.81329E+04
    0.47343E-01    0.79863E+04
    0.48299E-01    0.78475E+04
    0.49275E-01    0.77163E+04
    0.50270E-01    0.75921E+04
    0.51286E-01    0.74742E+04
    0.52322E-01    0.73620E+04
    0.53379E-01    0.72548E+04
    0.54457E-01    0.71516E+04
    0.55557E-01    0.70517E+04
    0.56680E-01    0.69540E+04
    0.57825E-01    0.68573E+04
    0.58993E-01    0.67605E+04
    0.60184E-01    0.66626E+04
    0.61400E-01    0.65623E+04
    0.62641E-01    0.64586E+04
    0.63906E-01    0.63504E+04
    0.65197E-01    0.62367E+04
    0.66514E-01    0.61168E+04
    0.67858E-01    0.59899E+04
    0.69229E-01    0.58557E+04
    0.70627E-01    0.57139E+04
    0.72054E-01    0.55646E+04
    0.73510E-01    0.54081E+04
    0.74994E-01    0.52451E+04
    0.76509E-01    0.50765E+04
    0.78055E-01    0.49034E+04
    0.79632E-01    0.47274E+04
    0.81241E-01    0.45500E+04
    0.82882E-01    0.43731E+04
    0.84556E-01    0.41984E+04
    0.86264E-01    0.40280E+04
    0.88007E-01    0.38635E+04
    0.89785E-01    0.37068E+04
    0.91598E-01    0.35593E+04
    0.93449E-01    0.34223E+04
    0.95337E-01    0.32966E+04
    0.97263E-01    0.31830E+04
    0.99227E-01    0.30816E+04
    0.10123E+00    0.29922E+04
    0.10328E+00    0.29141E+04
    0.10536E+00    0.28464E+04
    0.10749E+00    0.27875E+04
    0.10966E+00    0.27358E+04
    0.11188E+00    0.26891E+04
    0.11414E+00    0.26452E+04
    0.11644E+00    0.26016E+04
    0.11880E+00    0.25559E+04
    0.12120E+00    0.25061E+04
    0.12365E+00    0.24503E+04
    0.12614E+00    0.23872E+04
    0.12869E+00    0.23163E+04
    0.13129E+00    0.22377E+04
    0.13394E+00    0.21524E+04
    0.13665E+00    0.20621E+04
    0.13941E+00    0.19689E+04
    0.14223E+00    0.18755E+04
    0.14510E+00    0.17844E+04
    0.14803E+00    0.16983E+04
    0.15102E+00    0.16192E+04
    0.15407E+00    0.15489E+04
    0.15718E+00    0.14880E+04
    0.16036E+00    0.14367E+04
    0.16360E+00    0.13942E+04
    0.16690E+00    0.13591E+04
    0.17028E+00    0.13293E+04
    0.17371E+00    0.13023E+04
    0.17722E+00    0.12756E+04
    0.18080E+00    0.12467E+04
    0.18446E+00    0.12137E+04
    0.18818E+00    0.11755E+04
    0.19198E+00    0.11321E+04
    0.19586E+00    0.10843E+04
    0.19982E+00    0.10341E+04
    0.20386E+00    0.98352E+03
    0.20797E+00    0.93509E+03
    0.21218E+00    0.89080E+03
    0.21646E+00    0.85201E+03
    0.22083E+00    0.81922E+03
    0.22530E+00    0.79199E+03
    0.22985E+00    0.76906E+03
    0.23449E+00    0.74862E+03
    0.23923E+00    0.72864E+03
    0.24406E+00    0.70737E+03
    0.24899E+00    0.68365E+03
    0.25402E+00    0.65723E+03
    0.25915E+00    0.62877E+03
    0.26439E+00    0.59962E+03
    0.26973E+00    0.57138E+03
    0.27518E+00    0.54545E+03
    0.28074E+00    0.52267E+03
    0.28641E+00    0.50308E+03
    0.29219E+00    0.48602E+03
    0.29810E+00    0.47035E+03
    0.30412E+00    0.45482E+03
    0.31026E+00    0.43851E+03
    0.31653E+00    0.42113E+03
    0.32292E+00    0.40301E+03
    0.32945E+00    0.38496E+03
    0.33610E+00    0.36788E+03
    0.34289E+00    0.35235E+03
    0.34982E+00    0.33850E+03
    0.35689E+00    0.32593E+03
    0.36409E+00    0.31398E+03
    0.37145E+00    0.30206E+03
    0.37895E+00    0.28987E+03
    0.38661E+00    0.27753E+03
    0.39442E+00    0.26546E+03
    0.40239E+00    0.25407E+03
    0.41052E+00    0.24356E+03
    0.41881E+00    0.23384E+03
    0.42727E+00    0.22461E+03
    0.43590E+00    0.21556E+03
    0.44471E+00    0.20658E+03
    0.45369E+00    0.19775E+03
    0.46286E+00    0.18927E+03
    0.47221E+00    0.18127E+03
    0.48174E+00    0.17375E+03
    0.49148E+00    0.16658E+03
    0.50141E+00    0.15963E+03
    0.51153E+00    0.15284E+03
    0.52187E+00    0.14628E+03
    0.53241E+00    0.14001E+03
    0.54317E+00    0.13406E+03
    0.55414E+00    0.12838E+03
    0.56533E+00    0.12291E+03
    0.57675E+00    0.11762E+03
    0.58840E+00    0.11254E+03
    0.60029E+00    0.10768E+03
    0.61242E+00    0.10303E+03
    0.62479E+00    0.98583E+02
    0.63741E+00    0.94304E+02
    0.65029E+00    0.90195E+02
    0.66342E+00    0.86258E+02
    0.67683E+00    0.82493E+02
    0.69050E+00    0.78886E+02
    0.70445E+00    0.75426E+02
    0.71868E+00    0.72108E+02
    0.73320E+00    0.68932E+02
    0.74801E+00    0.65891E+02
    0.76312E+00    0.62978E+02
    0.77854E+00    0.60187E+02
    0.79426E+00    0.57515E+02
    0.81031E+00    0.54956E+02
    0.82668E+00    0.52507E+02
    0.84338E+00    0.50162E+02
    0.86041E+00    0.47918E+02
    0.87780E+00    0.45771E+02
    0.89553E+00    0.43716E+02
    0.91362E+00    0.41750E+02
    0.93208E+00    0.39869E+02
    0.95091E+00    0.38070E+02
    0.97011E+00    0.36348E+02
    0.98971E+00    0.34702E+02
    0.10097E+01    0.33128E+02
    0.10301E+01    0.31622E+02
    0.10509E+01    0.30183E+02
    0.10721E+01    0.28806E+02
    0.10938E+01    0.27490E+02
    0.11159E+01    0.26233E+02
    0.11384E+01    0.25031E+02
    0.11614E+01    0.23882E+02
    0.11849E+01    0.22785E+02
    0.12088E+01    0.21736E+02
    0.12333E+01    0.20734E+02
    0.12582E+01    0.19776E+02
    0.12836E+01    0.18862E+02
    0.13095E+01    0.17988E+02
    0.13360E+01    0.17154E+02
    0.13630E+01    0.16357E+02
    0.13905E+01    0.15596E+02
    0.14186E+01    0.14870E+02
    0.14472E+01    0.14176E+02
    0.14765E+01    0.13514E+02
    0.15063E+01    0.12882E+02
    0.15367E+01    0.12279E+02
    0.15678E+01    0.11703E+02
    0.15994E+01    0.11153E+02
    0.16318E+01    0.10629E+02
    0.16647E+01    0.10128E+02
    0.16984E+01    0.96505E+01
    0.17327E+01    0.91948E+01
    0.17677E+01    0.87601E+01
    0.18034E+01    0.83456E+01
    0.18398E+01    0.79500E+01
    0.18770E+01    0.75729E+01
    0.19149E+01    0.72130E+01
    0.19536E+01    0.68699E+01
    0.19930E+01    0.65426E+01
    0.20333E+01    0.62310E+01
    0.20744E+01    0.59335E+01
    0.21163E+01    0.56497E+01
    0.21590E+01    0.53795E+01
    0.22026E+01    0.51220E+01
    0.22471E+01    0.48761E+01
    0.22925E+01    0.46421E+01
    0.23388E+01    0.44191E+01
    0.23861E+01    0.42063E+01
    0.24343E+01    0.40037E+01
    0.24835E+01    0.38108E+01
    0.25336E+01    0.36267E+01
    0.25848E+01    0.34515E+01
    0.26370E+01    0.32846E+01
    0.26903E+01    0.31254E+01
    0.27447E+01    0.29740E+01
    0.28001E+01    0.28297E+01
    0.28567E+01    0.26922E+01
    0.29144E+01    0.25614E+01
    0.29733E+01    0.24366E+01
    0.30333E+01    0.23180E+01
    0.30946E+01    0.22049E+01
    0.31571E+01    0.20973E+01
    0.32209E+01    0.19948E+01
    0.32860E+01    0.18972E+01
    0.33523E+01    0.18044E+01
    0.34201E+01    0.17159E+01
    0.34892E+01    0.16318E+01
    0.35596E+01    0.15517E+01
    0.36316E+01    0.14755E+01
    0.37049E+01    0.14029E+01
    0.37798E+01    0.13338E+01
    0.38561E+01    0.12681E+01
    0.39340E+01    0.12056E+01
    0.40135E+01    0.11461E+01
    0.40946E+01    0.10895E+01
    0.41773E+01    0.10357E+01
    0.42617E+01    0.98439E+00
    0.43478E+01    0.93566E+00
    0.44356E+01    0.88929E+00
    0.45252E+01    0.84518E+00
    0.46166E+01    0.80322E+00
    0.47099E+01    0.76332E+00
    0.48050E+01    0.72537E+00
    0.49021E+01    0.68927E+00
    0.50011E+01    0.65494E+00
    0.51021E+01    0.62230E+00
    0.52052E+01    0.59127E+00
    0.53104E+01    0.56175E+00
    0.54176E+01    0.53368E+00
    0.55271E+01    0.50701E+00
    0.56387E+01    0.48164E+00
    0.57526E+01    0.45752E+00
    0.58689E+01    0.43460E+00
    0.59874E+01    0.41280E+00
    0.61084E+01    0.39210E+00
    0.62318E+01    0.37241E+00
    0.63577E+01    0.35370E+00
    0.64861E+01    0.33591E+00
    0.66171E+01    0.31901E+00
    0.67508E+01    0.30294E+00
    0.68872E+01    0.28767E+00
    0.70263E+01    0.27317E+00
    0.71682E+01    0.25938E+00
    0.73130E+01    0.24628E+00
    0.74608E+01    0.23384E+00
    0.76115E+01    0.22202E+00
    0.77653E+01    0.21079E+00
    0.79221E+01    0.20011E+00
    0.80822E+01    0.18998E+00
    0.82454E+01    0.18034E+00
    0.84120E+01    0.17119E+00
    0.85819E+01    0.16251E+00
    0.87553E+01    0.15425E+00
    0.89322E+01    0.14641E+00
    0.91126E+01    0.13897E+00
    0.92967E+01    0.13189E+00
    0.94845E+01    0.12518E+00
    0.96761E+01    0.11880E+00
    0.98716E+01    0.11274E+00
    0.10071E+02    0.10699E+00
    0.10274E+02    0.10153E+00
    0.10482E+02    0.96348E-01
    0.10694E+02    0.91424E-01
    0.10910E+02    0.86749E-01
    0.11130E+02    0.82311E-01
    0.11355E+02    0.78098E-01
    0.11584E+02    0.74098E-01
    0.11818E+02    0.70301E-01
    0.12057E+02    0.66695E-01
    0.12301E+02    0.63274E-01
    0.12549E+02    0.60026E-01
    0.12803E+02    0.56943E-01
    0.13061E+02    0.54016E-01
    0.13325E+02    0.51239E-01
    0.13594E+02    0.48603E-01
    0.13869E+02    0.46101E-01
    0.14149E+02    0.43727E-01
    0.14435E+02    0.41474E-01
    0.14727E+02    0.39336E-01
    0.15024E+02    0.37306E-01
    0.15328E+02    0.35381E-01
    0.15637E+02    0.33554E-01
    0.15953E+02    0.31821E-01
    0.16275E+02    0.30176E-01
    0.16604E+02    0.28615E-01
    0.16940E+02    0.27135E-01
    0.17282E+02    0.25730E-01
    0.17631E+02    0.24397E-01
    0.17987E+02    0.23133E-01
    0.18351E+02    0.21934E-01
    0.18721E+02    0.20796E-01
    0.19099E+02    0.19717E-01
    0.19485E+02    0.18693E-01
    0.19879E+02    0.17722E-01
    0.20280E+02    0.16801E-01
    0.20690E+02    0.15928E-01
    0.21108E+02    0.15099E-01
    0.21535E+02    0.14313E-01
    0.21970E+02    0.13568E-01
    0.22413E+02    0.12861E-01
    0.22866E+02    0.12191E-01
    0.23328E+02    0.11555E-01
    0.23799E+02    0.10952E-01
    0.24280E+02    0.10381E-01
    0.24771E+02    0.98388E-02
    0.25271E+02    0.93248E-02
    0.25782E+02    0.88375E-02
    0.26302E+02    0.83754E-02
    0.26834E+02    0.79373E-02
    0.27376E+02    0.75219E-02
    0.27929E+02    0.71281E-02
    0.28493E+02    0.67547E-02
    0.29069E+02    0.64008E-02
    0.29656E+02    0.60652E-02
    0.30255E+02    0.57471E-02
    0.30866E+02    0.54455E-02
    0.31490E+02    0.51596E-02
    0.32126E+02    0.48886E-02
    0.32775E+02    0.46318E-02
    0.33437E+02    0.43883E-02
    0.34112E+02    0.41575E-02
    0.34801E+02    0.39388E-02
    0.35504E+02    0.37314E-02
    0.36222E+02    0.35349E-02
    0.36953E+02    0.33487E-02
    0.37700E+02    0.31722E-02
    0.38462E+02    0.30049E-02
    0.39239E+02    0.28464E-02
    0.40031E+02    0.26962E-02
    0.40840E+02    0.25538E-02
    0.41665E+02    0.24189E-02
    0.42507E+02    0.22911E-02
    0.43365E+02    0.21699E-02
    0.44241E+02    0.20552E-02
    0.45135E+02    0.19464E-02
    0.46047E+02    0.18434E-02
    0.46977E+02    0.17457E-02
    0.47926E+02    0.16532E-02
    0.48894E+02    0.15656E-02
    0.49882E+02    0.14825E-02
    0.50890E+02    0.14039E-02
    0.51918E+02    0.13293E-02
    0.52966E+02    0.12587E-02
    0.54036E+02    0.11918E-02
    0.55128E+02    0.11285E-02
    0.56242E+02    0.10684E-02
    0.57378E+02    0.10116E-02
    0.58537E+02    0.95771E-03
    0.59720E+02    0.90670E-03
    0.60926E+02    0.85837E-03
    0.62157E+02    0.81260E-03
    0.63412E+02    0.76925E-03
    0.64693E+02    0.72819E-03
    0.66000E+02    0.68930E-03
    0.67334E+02    0.65247E-03
    0.68694E+02    0.61758E-03
    0.70082E+02    0.58455E-03
    0.71497E+02    0.55326E-03
    0.72942E+02    0.52364E-03
    0.74415E+02    0.49558E-03
    0.75918E+02    0.46901E-03
    0.77452E+02    0.44385E-03
    0.79017E+02    0.42003E-03
    0.80613E+02    0.39747E-03
    0.82241E+02    0.37611E-03
    0.83903E+02    0.35589E-03
    0.85598E+02    0.33674E-03
    0.87327E+02    0.31861E-03
    0.89091E+02    0.30144E-03
    0.90891E+02    0.28519E-03
    0.92727E+02    0.26981E-03
    0.94600E+02    0.25524E-03
    0.96511E+02    0.24145E-03
    0.98461E+02    0.22840E-03
    0.10045E+03    0.21604E-03
    0.10248E+03    0.20434E-03
    0.10455E+03    0.19327E-03
    0.10666E+03    0.18279E-03
    0.10882E+03    0.17287E-03
    0.11101E+03    0.16348E-03
    0.11326E+03    0.15459E-03
    0.11554E+03    0.14618E-03
    0.11788E+03    0.13822E-03
    0.12026E+03    0.13069E-03
    0.12269E+03    0.12356E-03
    0.12517E+03    0.11681E-03
    0.12770E+03    0.11043E-03
    0.13028E+03    0.10438E-03
    0.13291E+03    0.98668E-04
    0.13559E+03    0.93258E-04
    0.13833E+03    0.88140E-04
    0.14113E+03    0.83297E-04
    0.14398E+03    0.78715E-04
    0.14689E+03    0.74380E-04
    0.14985E+03    0.70280E-04
    0.15288E+03    0.66400E-04
    0.15597E+03    0.62730E-04
    0.15912E+03    0.59259E-04
    0.16233E+03    0.55975E-04
    0.16561E+03    0.52869E-04
    0.16896E+03    0.49931E-04
    0.17237E+03    0.47153E-04
    0.17585E+03    0.44526E-04
    0.17941E+03    0.42041E-04
    0.18303E+03    0.39691E-04
    0.18673E+03    0.37470E-04
    0.19050E+03    0.35369E-04
    0.19435E+03    0.33383E-04
    0.19828E+03    0.31505E-04
