#           k/h    P           
    0.10000E-03    0.36835E+03
    0.10202E-03    0.37557E+03
    0.10408E-03    0.38294E+03
    0.10618E-03    0.39046E+03
    0.10833E-03    0.39812E+03
    0.11052E-03    0.40593E+03
    0.11275E-03    0.41389E+03
    0.11503E-03    0.42201E+03
    0.11735E-03    0.43029E+03
    0.11972E-03    0.43873E+03
    0.12214E-03    0.44734E+03
    0.12461E-03    0.45612E+03
    0.12712E-03    0.46506E+03
    0.12969E-03    0.47418E+03
    0.13231E-03    0.48349E+03
    0.13499E-03    0.49297E+03
    0.13771E-03    0.50264E+03
    0.14049E-03    0.51250E+03
    0.14333E-03    0.52255E+03
    0.14623E-03    0.53280E+03
    0.14918E-03    0.54324E+03
    0.15220E-03    0.55390E+03
    0.15527E-03    0.56476E+03
    0.15841E-03    0.57583E+03
    0.16161E-03    0.58712E+03
    0.16487E-03    0.59863E+03
    0.16820E-03    0.61037E+03
    0.17160E-03    0.62234E+03
    0.17507E-03    0.63454E+03
    0.17860E-03    0.64697E+03
    0.18221E-03    0.65966E+03
    0.18589E-03    0.67259E+03
    0.18965E-03    0.68577E+03
    0.19348E-03    0.69921E+03
    0.19739E-03    0.71291E+03
    0.20138E-03    0.72688E+03
    0.20544E-03    0.74112E+03
    0.20959E-03    0.75564E+03
    0.21383E-03    0.77044E+03
    0.21815E-03    0.78554E+03
    0.22255E-03    0.80092E+03
    0.22705E-03    0.81661E+03
    0.23164E-03    0.83260E+03
    0.23632E-03    0.84891E+03
    0.24109E-03    0.86553E+03
    0.24596E-03    0.88247E+03
    0.25093E-03    0.89975E+03
    0.25600E-03    0.91736E+03
    0.26117E-03    0.93531E+03
    0.26645E-03    0.95362E+03
    0.27183E-03    0.97228E+03
    0.27732E-03    0.99130E+03
    0.28292E-03    0.10107E+04
    0.28864E-03    0.10305E+04
    0.29447E-03    0.10506E+04
    0.30042E-03    0.10712E+04
    0.30649E-03    0.10921E+04
    0.31268E-03    0.11134E+04
    0.31899E-03    0.11352E+04
    0.32544E-03    0.11574E+04
    0.33201E-03    0.11800E+04
    0.33872E-03    0.12030E+04
    0.34556E-03    0.12265E+04
    0.35254E-03    0.12505E+04
    0.35966E-03    0.12749E+04
    0.36693E-03    0.12998E+04
    0.37434E-03    0.13252E+04
    0.38190E-03    0.13510E+04
    0.38962E-03    0.13774E+04
    0.39749E-03    0.14042E+04
    0.40552E-03    0.14316E+04
    0.41371E-03    0.14595E+04
    0.42207E-03    0.14879E+04
    0.43060E-03    0.15169E+04
    0.43929E-03    0.15464E+04
    0.44817E-03    0.15765E+04
    0.45722E-03    0.16072E+04
    0.46646E-03    0.16385E+04
    0.47588E-03    0.16704E+04
    0.48550E-03    0.17028E+04
    0.49530E-03    0.17359E+04
    0.50531E-03    0.17696E+04
    0.51552E-03    0.18040E+04
    0.52593E-03    0.18390E+04
    0.53656E-03    0.18747E+04
    0.54739E-03    0.19110E+04
    0.55845E-03    0.19481E+04
    0.56973E-03    0.19858E+04
    0.58124E-03    0.20243E+04
    0.59299E-03    0.20635E+04
    0.60496E-03    0.21034E+04
    0.61719E-03    0.21441E+04
    0.62965E-03    0.21855E+04
    0.64237E-03    0.22277E+04
    0.65535E-03    0.22707E+04
    0.66859E-03    0.23145E+04
    0.68210E-03    0.23592E+04
    0.69588E-03    0.24046E+04
    0.70993E-03    0.24509E+04
    0.72427E-03    0.24981E+04
    0.73891E-03    0.25461E+04
    0.75383E-03    0.25950E+04
    0.76906E-03    0.26449E+04
    0.78460E-03    0.26956E+04
    0.80045E-03    0.27473E+04
    0.81662E-03    0.27999E+04
    0.83311E-03    0.28535E+04
    0.84994E-03    0.29080E+04
    0.86711E-03    0.29636E+04
    0.88463E-03    0.30201E+04
    0.90250E-03    0.30777E+04
    0.92073E-03    0.31363E+04
    0.93933E-03    0.31960E+04
    0.95831E-03    0.32568E+04
    0.97767E-03    0.33186E+04
    0.99742E-03    0.33815E+04
    0.10176E-02    0.34456E+04
    0.10381E-02    0.35108E+04
    0.10591E-02    0.35771E+04
    0.10805E-02    0.36446E+04
    0.11023E-02    0.37133E+04
    0.11246E-02    0.37832E+04
    0.11473E-02    0.38543E+04
    0.11705E-02    0.39267E+04
    0.11941E-02    0.40003E+04
    0.12182E-02    0.40751E+04
    0.12429E-02    0.41512E+04
    0.12680E-02    0.42286E+04
    0.12936E-02    0.43074E+04
    0.13197E-02    0.43874E+04
    0.13464E-02    0.44688E+04
    0.13736E-02    0.45516E+04
    0.14013E-02    0.46357E+04
    0.14296E-02    0.47212E+04
    0.14585E-02    0.48081E+04
    0.14880E-02    0.48964E+04
    0.15180E-02    0.49862E+04
    0.15487E-02    0.50774E+04
    0.15800E-02    0.51700E+04
    0.16119E-02    0.52641E+04
    0.16445E-02    0.53597E+04
    0.16777E-02    0.54567E+04
    0.17116E-02    0.55553E+04
    0.17462E-02    0.56554E+04
    0.17814E-02    0.57570E+04
    0.18174E-02    0.58601E+04
    0.18541E-02    0.59648E+04
    0.18916E-02    0.60710E+04
    0.19298E-02    0.61787E+04
    0.19688E-02    0.62880E+04
    0.20086E-02    0.63989E+04
    0.20491E-02    0.65113E+04
    0.20905E-02    0.66253E+04
    0.21328E-02    0.67409E+04
    0.21758E-02    0.68580E+04
    0.22198E-02    0.69767E+04
    0.22646E-02    0.70969E+04
    0.23104E-02    0.72188E+04
    0.23571E-02    0.73422E+04
    0.24047E-02    0.74672E+04
    0.24533E-02    0.75937E+04
    0.25028E-02    0.77217E+04
    0.25534E-02    0.78513E+04
    0.26050E-02    0.79824E+04
    0.26576E-02    0.81151E+04
    0.27113E-02    0.82492E+04
    0.27660E-02    0.83848E+04
    0.28219E-02    0.85219E+04
    0.28789E-02    0.86604E+04
    0.29371E-02    0.88003E+04
    0.29964E-02    0.89417E+04
    0.30569E-02    0.90844E+04
    0.31187E-02    0.92285E+04
    0.31817E-02    0.93739E+04
    0.32460E-02    0.95207E+04
    0.33115E-02    0.96686E+04
    0.33784E-02    0.98178E+04
    0.34467E-02    0.99682E+04
    0.35163E-02    0.10120E+05
    0.35874E-02    0.10272E+05
    0.36598E-02    0.10426E+05
    0.37338E-02    0.10581E+05
    0.38092E-02    0.10737E+05
    0.38861E-02    0.10894E+05
    0.39646E-02    0.11051E+05
    0.40447E-02    0.11210E+05
    0.41264E-02    0.11369E+05
    0.42098E-02    0.11529E+05
    0.42948E-02    0.11689E+05
    0.43816E-02    0.11851E+05
    0.44701E-02    0.12012E+05
    0.45604E-02    0.12174E+05
    0.46525E-02    0.12337E+05
    0.47465E-02    0.12500E+05
    0.48424E-02    0.12663E+05
    0.49402E-02    0.12827E+05
    0.50400E-02    0.12990E+05
    0.51419E-02    0.13154E+05
    0.52457E-02    0.13317E+05
    0.53517E-02    0.13481E+05
    0.54598E-02    0.13644E+05
    0.55701E-02    0.13807E+05
    0.56826E-02    0.13969E+05
    0.57974E-02    0.14131E+05
    0.59145E-02    0.14292E+05
    0.60340E-02    0.14453E+05
    0.61559E-02    0.14613E+05
    0.62803E-02    0.14772E+05
    0.64072E-02    0.14930E+05
    0.65366E-02    0.15086E+05
    0.66686E-02    0.15242E+05
    0.68033E-02    0.15396E+05
    0.69408E-02    0.15549E+05
    0.70810E-02    0.15700E+05
    0.72240E-02    0.15850E+05
    0.73700E-02    0.15997E+05
    0.75189E-02    0.16143E+05
    0.76708E-02    0.16286E+05
    0.78257E-02    0.16428E+05
    0.79838E-02    0.16566E+05
    0.81451E-02    0.16703E+05
    0.83096E-02    0.16836E+05
    0.84775E-02    0.16967E+05
    0.86488E-02    0.17095E+05
    0.88235E-02    0.17220E+05
    0.90017E-02    0.17341E+05
    0.91836E-02    0.17459E+05
    0.93691E-02    0.17574E+05
    0.95583E-02    0.17684E+05
    0.97514E-02    0.17791E+05
    0.99484E-02    0.17893E+05
    0.10149E-01    0.17992E+05
    0.10354E-01    0.18085E+05
    0.10564E-01    0.18175E+05
    0.10777E-01    0.18259E+05
    0.10995E-01    0.18338E+05
    0.11217E-01    0.18412E+05
    0.11443E-01    0.18481E+05
    0.11675E-01    0.18544E+05
    0.11910E-01    0.18602E+05
    0.12151E-01    0.18653E+05
    0.12397E-01    0.18699E+05
    0.12647E-01    0.18738E+05
    0.12902E-01    0.18771E+05
    0.13163E-01    0.18797E+05
    0.13429E-01    0.18817E+05
    0.13700E-01    0.18830E+05
    0.13977E-01    0.18835E+05
    0.14259E-01    0.18833E+05
    0.14547E-01    0.18824E+05
    0.14841E-01    0.18807E+05
    0.15141E-01    0.18782E+05
    0.15447E-01    0.18750E+05
    0.15759E-01    0.18709E+05
    0.16077E-01    0.18660E+05
    0.16402E-01    0.18603E+05
    0.16734E-01    0.18538E+05
    0.17072E-01    0.18464E+05
    0.17416E-01    0.18382E+05
    0.17768E-01    0.18290E+05
    0.18127E-01    0.18191E+05
    0.18493E-01    0.18082E+05
    0.18867E-01    0.17965E+05
    0.19248E-01    0.17839E+05
    0.19637E-01    0.17705E+05
    0.20034E-01    0.17562E+05
    0.20438E-01    0.17410E+05
    0.20851E-01    0.17250E+05
    0.21272E-01    0.17082E+05
    0.21702E-01    0.16905E+05
    0.22141E-01    0.16720E+05
    0.22588E-01    0.16528E+05
    0.23044E-01    0.16328E+05
    0.23510E-01    0.16121E+05
    0.23985E-01    0.15906E+05
    0.24469E-01    0.15685E+05
    0.24964E-01    0.15458E+05
    0.25468E-01    0.15225E+05
    0.25982E-01    0.14986E+05
    0.26507E-01    0.14742E+05
    0.27043E-01    0.14494E+05
    0.27589E-01    0.14241E+05
    0.28146E-01    0.13985E+05
    0.28715E-01    0.13726E+05
    0.29295E-01    0.13465E+05
    0.29887E-01    0.13202E+05
    0.30490E-01    0.12938E+05
    0.31106E-01    0.12673E+05
    0.31735E-01    0.12408E+05
    0.32376E-01    0.12145E+05
    0.33030E-01    0.11882E+05
    0.33697E-01    0.11622E+05
    0.34378E-01    0.11365E+05
    0.35072E-01    0.11111E+05
    0.35781E-01    0.10862E+05
    0.36504E-01    0.10617E+05
    0.37241E-01    0.10377E+05
    0.37993E-01    0.10143E+05
    0.38761E-01    0.99155E+04
    0.39544E-01    0.96949E+04
    0.40343E-01    0.94817E+04
    0.41158E-01    0.92760E+04
    0.41989E-01    0.90782E+04
    0.42838E-01    0.88887E+04
    0.43703E-01    0.87074E+04
    0.44586E-01    0.85346E+04
    0.45486E-01    0.83702E+04
    0.46405E-01    0.82140E+04
    0.47343E-01    0.80660E+04
    0.48299E-01    0.79258E+04
    0.49275E-01    0.77932E+04
    0.50270E-01    0.76678E+04
    0.51286E-01    0.75487E+04
    0.52322E-01    0.74354E+04
    0.53379E-01    0.73271E+04
    0.54457E-01    0.72229E+04
    0.55557E-01    0.71220E+04
    0.56680E-01    0.70233E+04
    0.57825E-01    0.69256E+04
    0.58993E-01    0.68279E+04
    0.60184E-01    0.67289E+04
    0.61400E-01    0.66277E+04
    0.62641E-01    0.65229E+04
    0.63906E-01    0.64136E+04
    0.65197E-01    0.62988E+04
    0.66514E-01    0.61776E+04
    0.67858E-01    0.60495E+04
    0.69229E-01    0.59139E+04
    0.70627E-01    0.57707E+04
    0.72054E-01    0.56199E+04
    0.73510E-01    0.54619E+04
    0.74994E-01    0.52973E+04
    0.76509E-01    0.51270E+04
    0.78055E-01    0.49522E+04
    0.79632E-01    0.47743E+04
    0.81241E-01    0.45952E+04
    0.82882E-01    0.44165E+04
    0.84556E-01    0.42401E+04
    0.86264E-01    0.40680E+04
    0.88007E-01    0.39019E+04
    0.89785E-01    0.37436E+04
    0.91598E-01    0.35946E+04
    0.93449E-01    0.34562E+04
    0.95337E-01    0.33294E+04
    0.97263E-01    0.32146E+04
    0.99227E-01    0.31122E+04
    0.10123E+00    0.30219E+04
    0.10328E+00    0.29430E+04
    0.10536E+00    0.28746E+04
    0.10749E+00    0.28152E+04
    0.10966E+00    0.27629E+04
    0.11188E+00    0.27158E+04
    0.11414E+00    0.26714E+04
    0.11644E+00    0.26274E+04
    0.11880E+00    0.25813E+04
    0.12120E+00    0.25309E+04
    0.12365E+00    0.24745E+04
    0.12614E+00    0.24108E+04
    0.12869E+00    0.23392E+04
    0.13129E+00    0.22599E+04
    0.13394E+00    0.21738E+04
    0.13665E+00    0.20825E+04
    0.13941E+00    0.19884E+04
    0.14223E+00    0.18940E+04
    0.14510E+00    0.18021E+04
    0.14803E+00    0.17151E+04
    0.15102E+00    0.16353E+04
    0.15407E+00    0.15642E+04
    0.15718E+00    0.15027E+04
    0.16036E+00    0.14509E+04
    0.16360E+00    0.14080E+04
    0.16690E+00    0.13725E+04
    0.17028E+00    0.13424E+04
    0.17371E+00    0.13152E+04
    0.17722E+00    0.12882E+04
    0.18080E+00    0.12590E+04
    0.18446E+00    0.12257E+04
    0.18818E+00    0.11871E+04
    0.19198E+00    0.11432E+04
    0.19586E+00    0.10950E+04
    0.19982E+00    0.10443E+04
    0.20386E+00    0.99324E+03
    0.20797E+00    0.94433E+03
    0.21218E+00    0.89960E+03
    0.21646E+00    0.86043E+03
    0.22083E+00    0.82731E+03
    0.22530E+00    0.79981E+03
    0.22985E+00    0.77665E+03
    0.23449E+00    0.75601E+03
    0.23923E+00    0.73584E+03
    0.24406E+00    0.71435E+03
    0.24899E+00    0.69039E+03
    0.25402E+00    0.66371E+03
    0.25915E+00    0.63497E+03
    0.26439E+00    0.60553E+03
    0.26973E+00    0.57701E+03
    0.27518E+00    0.55083E+03
    0.28074E+00    0.52782E+03
    0.28641E+00    0.50804E+03
    0.29219E+00    0.49082E+03
    0.29810E+00    0.47499E+03
    0.30412E+00    0.45930E+03
    0.31026E+00    0.44284E+03
    0.31653E+00    0.42528E+03
    0.32292E+00    0.40698E+03
    0.32945E+00    0.38876E+03
    0.33610E+00    0.37150E+03
    0.34289E+00    0.35583E+03
    0.34982E+00    0.34184E+03
    0.35689E+00    0.32914E+03
    0.36409E+00    0.31708E+03
    0.37145E+00    0.30503E+03
    0.37895E+00    0.29272E+03
    0.38661E+00    0.28027E+03
    0.39442E+00    0.26807E+03
    0.40239E+00    0.25657E+03
    0.41052E+00    0.24596E+03
    0.41881E+00    0.23615E+03
    0.42727E+00    0.22682E+03
    0.43590E+00    0.21769E+03
    0.44471E+00    0.20862E+03
    0.45369E+00    0.19970E+03
    0.46286E+00    0.19113E+03
    0.47221E+00    0.18305E+03
    0.48174E+00    0.17546E+03
    0.49148E+00    0.16822E+03
    0.50141E+00    0.16120E+03
    0.51153E+00    0.15435E+03
    0.52187E+00    0.14772E+03
    0.53241E+00    0.14139E+03
    0.54317E+00    0.13538E+03
    0.55414E+00    0.12965E+03
    0.56533E+00    0.12412E+03
    0.57675E+00    0.11878E+03
    0.58840E+00    0.11365E+03
    0.60029E+00    0.10874E+03
    0.61242E+00    0.10405E+03
    0.62479E+00    0.99553E+02
    0.63741E+00    0.95233E+02
    0.65029E+00    0.91082E+02
    0.66342E+00    0.87108E+02
    0.67683E+00    0.83305E+02
    0.69050E+00    0.79662E+02
    0.70445E+00    0.76168E+02
    0.71868E+00    0.72818E+02
    0.73320E+00    0.69611E+02
    0.74801E+00    0.66540E+02
    0.76312E+00    0.63598E+02
    0.77854E+00    0.60779E+02
    0.79426E+00    0.58081E+02
    0.81031E+00    0.55497E+02
    0.82668E+00    0.53024E+02
    0.84338E+00    0.50656E+02
    0.86041E+00    0.48390E+02
    0.87780E+00    0.46221E+02
    0.89553E+00    0.44146E+02
    0.91362E+00    0.42161E+02
    0.93208E+00    0.40261E+02
    0.95091E+00    0.38444E+02
    0.97011E+00    0.36706E+02
    0.98971E+00    0.35044E+02
    0.10097E+01    0.33454E+02
    0.10301E+01    0.31933E+02
    0.10509E+01    0.30480E+02
    0.10721E+01    0.29090E+02
    0.10938E+01    0.27761E+02
    0.11159E+01    0.26491E+02
    0.11384E+01    0.25277E+02
    0.11614E+01    0.24117E+02
    0.11849E+01    0.23009E+02
    0.12088E+01    0.21950E+02
    0.12333E+01    0.20938E+02
    0.12582E+01    0.19971E+02
    0.12836E+01    0.19048E+02
    0.13095E+01    0.18165E+02
    0.13360E+01    0.17322E+02
    0.13630E+01    0.16518E+02
    0.13905E+01    0.15750E+02
    0.14186E+01    0.15016E+02
    0.14472E+01    0.14316E+02
    0.14765E+01    0.13647E+02
    0.15063E+01    0.13009E+02
    0.15367E+01    0.12399E+02
    0.15678E+01    0.11818E+02
    0.15994E+01    0.11263E+02
    0.16318E+01    0.10733E+02
    0.16647E+01    0.10228E+02
    0.16984E+01    0.97454E+01
    0.17327E+01    0.92853E+01
    0.17677E+01    0.88463E+01
    0.18034E+01    0.84277E+01
    0.18398E+01    0.80282E+01
    0.18770E+01    0.76474E+01
    0.19149E+01    0.72840E+01
    0.19536E+01    0.69375E+01
    0.19930E+01    0.66069E+01
    0.20333E+01    0.62923E+01
    0.20744E+01    0.59918E+01
    0.21163E+01    0.57052E+01
    0.21590E+01    0.54324E+01
    0.22026E+01    0.51723E+01
    0.22471E+01    0.49240E+01
    0.22925E+01    0.46877E+01
    0.23388E+01    0.44626E+01
    0.23861E+01    0.42477E+01
    0.24343E+01    0.40431E+01
    0.24835E+01    0.38483E+01
    0.25336E+01    0.36623E+01
    0.25848E+01    0.34854E+01
    0.26370E+01    0.33169E+01
    0.26903E+01    0.31561E+01
    0.27447E+01    0.30033E+01
    0.28001E+01    0.28575E+01
    0.28567E+01    0.27186E+01
    0.29144E+01    0.25866E+01
    0.29733E+01    0.24606E+01
    0.30333E+01    0.23408E+01
    0.30946E+01    0.22266E+01
    0.31571E+01    0.21179E+01
    0.32209E+01    0.20144E+01
    0.32860E+01    0.19159E+01
    0.33523E+01    0.18221E+01
    0.34201E+01    0.17328E+01
    0.34892E+01    0.16479E+01
    0.35596E+01    0.15669E+01
    0.36316E+01    0.14900E+01
    0.37049E+01    0.14167E+01
    0.37798E+01    0.13470E+01
    0.38561E+01    0.12806E+01
    0.39340E+01    0.12175E+01
    0.40135E+01    0.11574E+01
    0.40946E+01    0.11002E+01
    0.41773E+01    0.10458E+01
    0.42617E+01    0.99408E+00
    0.43478E+01    0.94487E+00
    0.44356E+01    0.89804E+00
    0.45252E+01    0.85349E+00
    0.46166E+01    0.81112E+00
    0.47099E+01    0.77082E+00
    0.48050E+01    0.73250E+00
    0.49021E+01    0.69605E+00
    0.50011E+01    0.66139E+00
    0.51021E+01    0.62842E+00
    0.52052E+01    0.59708E+00
    0.53104E+01    0.56727E+00
    0.54176E+01    0.53893E+00
    0.55271E+01    0.51200E+00
    0.56387E+01    0.48638E+00
    0.57526E+01    0.46202E+00
    0.58689E+01    0.43887E+00
    0.59874E+01    0.41686E+00
    0.61084E+01    0.39596E+00
    0.62318E+01    0.37607E+00
    0.63577E+01    0.35718E+00
    0.64861E+01    0.33921E+00
    0.66171E+01    0.32214E+00
    0.67508E+01    0.30592E+00
    0.68872E+01    0.29050E+00
    0.70263E+01    0.27585E+00
    0.71682E+01    0.26193E+00
    0.73130E+01    0.24871E+00
    0.74608E+01    0.23614E+00
    0.76115E+01    0.22420E+00
    0.77653E+01    0.21286E+00
    0.79221E+01    0.20208E+00
    0.80822E+01    0.19184E+00
    0.82454E+01    0.18212E+00
    0.84120E+01    0.17288E+00
    0.85819E+01    0.16410E+00
    0.87553E+01    0.15577E+00
    0.89322E+01    0.14785E+00
    0.91126E+01    0.14033E+00
    0.92967E+01    0.13319E+00
    0.94845E+01    0.12641E+00
    0.96761E+01    0.11997E+00
    0.98716E+01    0.11385E+00
    0.10071E+02    0.10805E+00
    0.10274E+02    0.10253E+00
    0.10482E+02    0.97295E-01
    0.10694E+02    0.92323E-01
    0.10910E+02    0.87602E-01
    0.11130E+02    0.83121E-01
    0.11355E+02    0.78866E-01
    0.11584E+02    0.74827E-01
    0.11818E+02    0.70992E-01
    0.12057E+02    0.67351E-01
    0.12301E+02    0.63896E-01
    0.12549E+02    0.60616E-01
    0.12803E+02    0.57503E-01
    0.13061E+02    0.54547E-01
    0.13325E+02    0.51743E-01
    0.13594E+02    0.49081E-01
    0.13869E+02    0.46555E-01
    0.14149E+02    0.44157E-01
    0.14435E+02    0.41882E-01
    0.14727E+02    0.39722E-01
    0.15024E+02    0.37673E-01
    0.15328E+02    0.35729E-01
    0.15637E+02    0.33884E-01
    0.15953E+02    0.32134E-01
    0.16275E+02    0.30473E-01
    0.16604E+02    0.28897E-01
    0.16940E+02    0.27402E-01
    0.17282E+02    0.25983E-01
    0.17631E+02    0.24637E-01
    0.17987E+02    0.23361E-01
    0.18351E+02    0.22150E-01
    0.18721E+02    0.21001E-01
    0.19099E+02    0.19911E-01
    0.19485E+02    0.18877E-01
    0.19879E+02    0.17897E-01
    0.20280E+02    0.16966E-01
    0.20690E+02    0.16084E-01
    0.21108E+02    0.15248E-01
    0.21535E+02    0.14454E-01
    0.21970E+02    0.13701E-01
    0.22413E+02    0.12988E-01
    0.22866E+02    0.12311E-01
    0.23328E+02    0.11669E-01
    0.23799E+02    0.11060E-01
    0.24280E+02    0.10483E-01
    0.24771E+02    0.99356E-02
    0.25271E+02    0.94166E-02
    0.25782E+02    0.89244E-02
    0.26302E+02    0.84578E-02
    0.26834E+02    0.80154E-02
    0.27376E+02    0.75959E-02
    0.27929E+02    0.71982E-02
    0.28493E+02    0.68212E-02
    0.29069E+02    0.64637E-02
    0.29656E+02    0.61249E-02
    0.30255E+02    0.58036E-02
    0.30866E+02    0.54990E-02
    0.31490E+02    0.52104E-02
    0.32126E+02    0.49367E-02
    0.32775E+02    0.46773E-02
    0.33437E+02    0.44314E-02
    0.34112E+02    0.41984E-02
    0.34801E+02    0.39775E-02
    0.35504E+02    0.37681E-02
    0.36222E+02    0.35697E-02
    0.36953E+02    0.33816E-02
    0.37700E+02    0.32034E-02
    0.38462E+02    0.30345E-02
    0.39239E+02    0.28744E-02
    0.40031E+02    0.27227E-02
    0.40840E+02    0.25789E-02
    0.41665E+02    0.24427E-02
    0.42507E+02    0.23136E-02
    0.43365E+02    0.21913E-02
    0.44241E+02    0.20754E-02
    0.45135E+02    0.19655E-02
    0.46047E+02    0.18615E-02
    0.46977E+02    0.17629E-02
    0.47926E+02    0.16695E-02
    0.48894E+02    0.15810E-02
    0.49882E+02    0.14971E-02
    0.50890E+02    0.14177E-02
    0.51918E+02    0.13424E-02
    0.52966E+02    0.12711E-02
    0.54036E+02    0.12035E-02
    0.55128E+02    0.11396E-02
    0.56242E+02    0.10789E-02
    0.57378E+02    0.10215E-02
    0.58537E+02    0.96713E-03
    0.59720E+02    0.91561E-03
    0.60926E+02    0.86681E-03
    0.62157E+02    0.82059E-03
    0.63412E+02    0.77682E-03
    0.64693E+02    0.73535E-03
    0.66000E+02    0.69608E-03
    0.67334E+02    0.65888E-03
    0.68694E+02    0.62366E-03
    0.70082E+02    0.59030E-03
    0.71497E+02    0.55870E-03
    0.72942E+02    0.52879E-03
    0.74415E+02    0.50045E-03
    0.75918E+02    0.47362E-03
    0.77452E+02    0.44822E-03
    0.79017E+02    0.42416E-03
    0.80613E+02    0.40138E-03
    0.82241E+02    0.37981E-03
    0.83903E+02    0.35939E-03
    0.85598E+02    0.34005E-03
    0.87327E+02    0.32174E-03
    0.89091E+02    0.30441E-03
    0.90891E+02    0.28800E-03
    0.92727E+02    0.27246E-03
    0.94600E+02    0.25775E-03
    0.96511E+02    0.24382E-03
    0.98461E+02    0.23064E-03
    0.10045E+03    0.21816E-03
    0.10248E+03    0.20635E-03
    0.10455E+03    0.19517E-03
    0.10666E+03    0.18459E-03
    0.10882E+03    0.17457E-03
    0.11101E+03    0.16509E-03
    0.11326E+03    0.15611E-03
    0.11554E+03    0.14762E-03
    0.11788E+03    0.13958E-03
    0.12026E+03    0.13197E-03
    0.12269E+03    0.12477E-03
    0.12517E+03    0.11796E-03
    0.12770E+03    0.11151E-03
    0.13028E+03    0.10541E-03
    0.13291E+03    0.99638E-04
    0.13559E+03    0.94175E-04
    0.13833E+03    0.89007E-04
    0.14113E+03    0.84116E-04
    0.14398E+03    0.79489E-04
    0.14689E+03    0.75112E-04
    0.14985E+03    0.70970E-04
    0.15288E+03    0.67053E-04
    0.15597E+03    0.63347E-04
    0.15912E+03    0.59841E-04
    0.16233E+03    0.56525E-04
    0.16561E+03    0.53389E-04
    0.16896E+03    0.50422E-04
    0.17237E+03    0.47617E-04
    0.17585E+03    0.44963E-04
    0.17941E+03    0.42454E-04
    0.18303E+03    0.40082E-04
    0.18673E+03    0.37838E-04
    0.19050E+03    0.35716E-04
    0.19435E+03    0.33711E-04
    0.19828E+03    0.31814E-04
