#           k/h    P           
    0.10000E-03    0.22189E+03
    0.10202E-03    0.22625E+03
    0.10408E-03    0.23069E+03
    0.10618E-03    0.23521E+03
    0.10833E-03    0.23983E+03
    0.11052E-03    0.24453E+03
    0.11275E-03    0.24933E+03
    0.11503E-03    0.25422E+03
    0.11735E-03    0.25921E+03
    0.11972E-03    0.26429E+03
    0.12214E-03    0.26948E+03
    0.12461E-03    0.27476E+03
    0.12712E-03    0.28015E+03
    0.12969E-03    0.28565E+03
    0.13231E-03    0.29125E+03
    0.13499E-03    0.29697E+03
    0.13771E-03    0.30279E+03
    0.14049E-03    0.30873E+03
    0.14333E-03    0.31478E+03
    0.14623E-03    0.32096E+03
    0.14918E-03    0.32725E+03
    0.15220E-03    0.33367E+03
    0.15527E-03    0.34021E+03
    0.15841E-03    0.34689E+03
    0.16161E-03    0.35369E+03
    0.16487E-03    0.36062E+03
    0.16820E-03    0.36769E+03
    0.17160E-03    0.37490E+03
    0.17507E-03    0.38225E+03
    0.17860E-03    0.38974E+03
    0.18221E-03    0.39738E+03
    0.18589E-03    0.40517E+03
    0.18965E-03    0.41311E+03
    0.19348E-03    0.42121E+03
    0.19739E-03    0.42947E+03
    0.20138E-03    0.43788E+03
    0.20544E-03    0.44646E+03
    0.20959E-03    0.45521E+03
    0.21383E-03    0.46413E+03
    0.21815E-03    0.47322E+03
    0.22255E-03    0.48249E+03
    0.22705E-03    0.49194E+03
    0.23164E-03    0.50158E+03
    0.23632E-03    0.51140E+03
    0.24109E-03    0.52141E+03
    0.24596E-03    0.53162E+03
    0.25093E-03    0.54203E+03
    0.25600E-03    0.55264E+03
    0.26117E-03    0.56346E+03
    0.26645E-03    0.57449E+03
    0.27183E-03    0.58573E+03
    0.27732E-03    0.59719E+03
    0.28292E-03    0.60887E+03
    0.28864E-03    0.62078E+03
    0.29447E-03    0.63293E+03
    0.30042E-03    0.64530E+03
    0.30649E-03    0.65792E+03
    0.31268E-03    0.67078E+03
    0.31899E-03    0.68390E+03
    0.32544E-03    0.69726E+03
    0.33201E-03    0.71089E+03
    0.33872E-03    0.72477E+03
    0.34556E-03    0.73893E+03
    0.35254E-03    0.75336E+03
    0.35966E-03    0.76807E+03
    0.36693E-03    0.78307E+03
    0.37434E-03    0.79835E+03
    0.38190E-03    0.81393E+03
    0.38962E-03    0.82980E+03
    0.39749E-03    0.84599E+03
    0.40552E-03    0.86248E+03
    0.41371E-03    0.87930E+03
    0.42207E-03    0.89643E+03
    0.43060E-03    0.91390E+03
    0.43929E-03    0.93170E+03
    0.44817E-03    0.94984E+03
    0.45722E-03    0.96832E+03
    0.46646E-03    0.98717E+03
    0.47588E-03    0.10064E+04
    0.48550E-03    0.10259E+04
    0.49530E-03    0.10459E+04
    0.50531E-03    0.10662E+04
    0.51552E-03    0.10869E+04
    0.52593E-03    0.11080E+04
    0.53656E-03    0.11295E+04
    0.54739E-03    0.11514E+04
    0.55845E-03    0.11738E+04
    0.56973E-03    0.11965E+04
    0.58124E-03    0.12197E+04
    0.59299E-03    0.12433E+04
    0.60496E-03    0.12674E+04
    0.61719E-03    0.12919E+04
    0.62965E-03    0.13168E+04
    0.64237E-03    0.13423E+04
    0.65535E-03    0.13682E+04
    0.66859E-03    0.13946E+04
    0.68210E-03    0.14215E+04
    0.69588E-03    0.14489E+04
    0.70993E-03    0.14768E+04
    0.72427E-03    0.15052E+04
    0.73891E-03    0.15342E+04
    0.75383E-03    0.15637E+04
    0.76906E-03    0.15937E+04
    0.78460E-03    0.16243E+04
    0.80045E-03    0.16554E+04
    0.81662E-03    0.16871E+04
    0.83311E-03    0.17194E+04
    0.84994E-03    0.17523E+04
    0.86711E-03    0.17858E+04
    0.88463E-03    0.18199E+04
    0.90250E-03    0.18546E+04
    0.92073E-03    0.18899E+04
    0.93933E-03    0.19259E+04
    0.95831E-03    0.19625E+04
    0.97767E-03    0.19998E+04
    0.99742E-03    0.20377E+04
    0.10176E-02    0.20763E+04
    0.10381E-02    0.21156E+04
    0.10591E-02    0.21556E+04
    0.10805E-02    0.21963E+04
    0.11023E-02    0.22377E+04
    0.11246E-02    0.22798E+04
    0.11473E-02    0.23227E+04
    0.11705E-02    0.23663E+04
    0.11941E-02    0.24106E+04
    0.12182E-02    0.24557E+04
    0.12429E-02    0.25016E+04
    0.12680E-02    0.25483E+04
    0.12936E-02    0.25957E+04
    0.13197E-02    0.26440E+04
    0.13464E-02    0.26930E+04
    0.13736E-02    0.27429E+04
    0.14013E-02    0.27936E+04
    0.14296E-02    0.28451E+04
    0.14585E-02    0.28975E+04
    0.14880E-02    0.29507E+04
    0.15180E-02    0.30048E+04
    0.15487E-02    0.30598E+04
    0.15800E-02    0.31156E+04
    0.16119E-02    0.31723E+04
    0.16445E-02    0.32299E+04
    0.16777E-02    0.32884E+04
    0.17116E-02    0.33479E+04
    0.17462E-02    0.34082E+04
    0.17814E-02    0.34694E+04
    0.18174E-02    0.35316E+04
    0.18541E-02    0.35946E+04
    0.18916E-02    0.36587E+04
    0.19298E-02    0.37236E+04
    0.19688E-02    0.37895E+04
    0.20086E-02    0.38563E+04
    0.20491E-02    0.39241E+04
    0.20905E-02    0.39928E+04
    0.21328E-02    0.40624E+04
    0.21758E-02    0.41330E+04
    0.22198E-02    0.42046E+04
    0.22646E-02    0.42771E+04
    0.23104E-02    0.43505E+04
    0.23571E-02    0.44249E+04
    0.24047E-02    0.45002E+04
    0.24533E-02    0.45765E+04
    0.25028E-02    0.46536E+04
    0.25534E-02    0.47318E+04
    0.26050E-02    0.48108E+04
    0.26576E-02    0.48907E+04
    0.27113E-02    0.49716E+04
    0.27660E-02    0.50533E+04
    0.28219E-02    0.51360E+04
    0.28789E-02    0.52195E+04
    0.29371E-02    0.53038E+04
    0.29964E-02    0.53890E+04
    0.30569E-02    0.54751E+04
    0.31187E-02    0.55619E+04
    0.31817E-02    0.56496E+04
    0.32460E-02    0.57380E+04
    0.33115E-02    0.58273E+04
    0.33784E-02    0.59172E+04
    0.34467E-02    0.60079E+04
    0.35163E-02    0.60993E+04
    0.35874E-02    0.61913E+04
    0.36598E-02    0.62840E+04
    0.37338E-02    0.63773E+04
    0.38092E-02    0.64712E+04
    0.38861E-02    0.65657E+04
    0.39646E-02    0.66608E+04
    0.40447E-02    0.67563E+04
    0.41264E-02    0.68523E+04
    0.42098E-02    0.69487E+04
    0.42948E-02    0.70456E+04
    0.43816E-02    0.71428E+04
    0.44701E-02    0.72403E+04
    0.45604E-02    0.73381E+04
    0.46525E-02    0.74362E+04
    0.47465E-02    0.75345E+04
    0.48424E-02    0.76329E+04
    0.49402E-02    0.77314E+04
    0.50400E-02    0.78301E+04
    0.51419E-02    0.79287E+04
    0.52457E-02    0.80273E+04
    0.53517E-02    0.81259E+04
    0.54598E-02    0.82243E+04
    0.55701E-02    0.83225E+04
    0.56826E-02    0.84205E+04
    0.57974E-02    0.85182E+04
    0.59145E-02    0.86155E+04
    0.60340E-02    0.87124E+04
    0.61559E-02    0.88089E+04
    0.62803E-02    0.89048E+04
    0.64072E-02    0.90001E+04
    0.65366E-02    0.90947E+04
    0.66686E-02    0.91886E+04
    0.68033E-02    0.92817E+04
    0.69408E-02    0.93739E+04
    0.70810E-02    0.94651E+04
    0.72240E-02    0.95553E+04
    0.73700E-02    0.96444E+04
    0.75189E-02    0.97324E+04
    0.76708E-02    0.98190E+04
    0.78257E-02    0.99043E+04
    0.79838E-02    0.99882E+04
    0.81451E-02    0.10071E+05
    0.83096E-02    0.10151E+05
    0.84775E-02    0.10230E+05
    0.86488E-02    0.10308E+05
    0.88235E-02    0.10383E+05
    0.90017E-02    0.10456E+05
    0.91836E-02    0.10528E+05
    0.93691E-02    0.10597E+05
    0.95583E-02    0.10664E+05
    0.97514E-02    0.10728E+05
    0.99484E-02    0.10790E+05
    0.10149E-01    0.10850E+05
    0.10354E-01    0.10907E+05
    0.10564E-01    0.10961E+05
    0.10777E-01    0.11012E+05
    0.10995E-01    0.11060E+05
    0.11217E-01    0.11105E+05
    0.11443E-01    0.11146E+05
    0.11675E-01    0.11185E+05
    0.11910E-01    0.11220E+05
    0.12151E-01    0.11251E+05
    0.12397E-01    0.11279E+05
    0.12647E-01    0.11303E+05
    0.12902E-01    0.11323E+05
    0.13163E-01    0.11339E+05
    0.13429E-01    0.11351E+05
    0.13700E-01    0.11359E+05
    0.13977E-01    0.11363E+05
    0.14259E-01    0.11362E+05
    0.14547E-01    0.11357E+05
    0.14841E-01    0.11347E+05
    0.15141E-01    0.11333E+05
    0.15447E-01    0.11313E+05
    0.15759E-01    0.11289E+05
    0.16077E-01    0.11260E+05
    0.16402E-01    0.11226E+05
    0.16734E-01    0.11187E+05
    0.17072E-01    0.11143E+05
    0.17416E-01    0.11093E+05
    0.17768E-01    0.11039E+05
    0.18127E-01    0.10979E+05
    0.18493E-01    0.10914E+05
    0.18867E-01    0.10844E+05
    0.19248E-01    0.10768E+05
    0.19637E-01    0.10688E+05
    0.20034E-01    0.10602E+05
    0.20438E-01    0.10511E+05
    0.20851E-01    0.10414E+05
    0.21272E-01    0.10313E+05
    0.21702E-01    0.10207E+05
    0.22141E-01    0.10096E+05
    0.22588E-01    0.99803E+04
    0.23044E-01    0.98600E+04
    0.23510E-01    0.97353E+04
    0.23985E-01    0.96063E+04
    0.24469E-01    0.94733E+04
    0.24964E-01    0.93365E+04
    0.25468E-01    0.91961E+04
    0.25982E-01    0.90523E+04
    0.26507E-01    0.89055E+04
    0.27043E-01    0.87559E+04
    0.27589E-01    0.86039E+04
    0.28146E-01    0.84497E+04
    0.28715E-01    0.82937E+04
    0.29295E-01    0.81362E+04
    0.29887E-01    0.79777E+04
    0.30490E-01    0.78185E+04
    0.31106E-01    0.76590E+04
    0.31735E-01    0.74996E+04
    0.32376E-01    0.73406E+04
    0.33030E-01    0.71825E+04
    0.33697E-01    0.70258E+04
    0.34378E-01    0.68707E+04
    0.35072E-01    0.67177E+04
    0.35781E-01    0.65672E+04
    0.36504E-01    0.64194E+04
    0.37241E-01    0.62749E+04
    0.37993E-01    0.61339E+04
    0.38761E-01    0.59967E+04
    0.39544E-01    0.58637E+04
    0.40343E-01    0.57351E+04
    0.41158E-01    0.56111E+04
    0.41989E-01    0.54918E+04
    0.42838E-01    0.53775E+04
    0.43703E-01    0.52682E+04
    0.44586E-01    0.51640E+04
    0.45486E-01    0.50649E+04
    0.46405E-01    0.49707E+04
    0.47343E-01    0.48815E+04
    0.48299E-01    0.47970E+04
    0.49275E-01    0.47171E+04
    0.50270E-01    0.46415E+04
    0.51286E-01    0.45697E+04
    0.52322E-01    0.45015E+04
    0.53379E-01    0.44362E+04
    0.54457E-01    0.43734E+04
    0.55557E-01    0.43126E+04
    0.56680E-01    0.42532E+04
    0.57825E-01    0.41943E+04
    0.58993E-01    0.41355E+04
    0.60184E-01    0.40758E+04
    0.61400E-01    0.40148E+04
    0.62641E-01    0.39516E+04
    0.63906E-01    0.38857E+04
    0.65197E-01    0.38164E+04
    0.66514E-01    0.37433E+04
    0.67858E-01    0.36659E+04
    0.69229E-01    0.35840E+04
    0.70627E-01    0.34975E+04
    0.72054E-01    0.34063E+04
    0.73510E-01    0.33108E+04
    0.74994E-01    0.32112E+04
    0.76509E-01    0.31082E+04
    0.78055E-01    0.30025E+04
    0.79632E-01    0.28948E+04
    0.81241E-01    0.27864E+04
    0.82882E-01    0.26783E+04
    0.84556E-01    0.25715E+04
    0.86264E-01    0.24673E+04
    0.88007E-01    0.23667E+04
    0.89785E-01    0.22708E+04
    0.91598E-01    0.21806E+04
    0.93449E-01    0.20968E+04
    0.95337E-01    0.20200E+04
    0.97263E-01    0.19505E+04
    0.99227E-01    0.18885E+04
    0.10123E+00    0.18338E+04
    0.10328E+00    0.17861E+04
    0.10536E+00    0.17447E+04
    0.10749E+00    0.17087E+04
    0.10966E+00    0.16771E+04
    0.11188E+00    0.16486E+04
    0.11414E+00    0.16218E+04
    0.11644E+00    0.15952E+04
    0.11880E+00    0.15673E+04
    0.12120E+00    0.15368E+04
    0.12365E+00    0.15027E+04
    0.12614E+00    0.14641E+04
    0.12869E+00    0.14207E+04
    0.13129E+00    0.13726E+04
    0.13394E+00    0.13203E+04
    0.13665E+00    0.12650E+04
    0.13941E+00    0.12079E+04
    0.14223E+00    0.11506E+04
    0.14510E+00    0.10948E+04
    0.14803E+00    0.10420E+04
    0.15102E+00    0.99361E+03
    0.15407E+00    0.95047E+03
    0.15718E+00    0.91316E+03
    0.16036E+00    0.88171E+03
    0.16360E+00    0.85568E+03
    0.16690E+00    0.83418E+03
    0.17028E+00    0.81593E+03
    0.17371E+00    0.79943E+03
    0.17722E+00    0.78305E+03
    0.18080E+00    0.76534E+03
    0.18446E+00    0.74511E+03
    0.18818E+00    0.72171E+03
    0.19198E+00    0.69508E+03
    0.19586E+00    0.66581E+03
    0.19982E+00    0.63497E+03
    0.20386E+00    0.60397E+03
    0.20797E+00    0.57425E+03
    0.21218E+00    0.54707E+03
    0.21646E+00    0.52328E+03
    0.22083E+00    0.50316E+03
    0.22530E+00    0.48645E+03
    0.22985E+00    0.47239E+03
    0.23449E+00    0.45985E+03
    0.23923E+00    0.44760E+03
    0.24406E+00    0.43454E+03
    0.24899E+00    0.41999E+03
    0.25402E+00    0.40377E+03
    0.25915E+00    0.38630E+03
    0.26439E+00    0.36840E+03
    0.26973E+00    0.35107E+03
    0.27518E+00    0.33515E+03
    0.28074E+00    0.32116E+03
    0.28641E+00    0.30913E+03
    0.29219E+00    0.29866E+03
    0.29810E+00    0.28904E+03
    0.30412E+00    0.27951E+03
    0.31026E+00    0.26949E+03
    0.31653E+00    0.25882E+03
    0.32292E+00    0.24769E+03
    0.32945E+00    0.23660E+03
    0.33610E+00    0.22611E+03
    0.34289E+00    0.21657E+03
    0.34982E+00    0.20806E+03
    0.35689E+00    0.20034E+03
    0.36409E+00    0.19301E+03
    0.37145E+00    0.18568E+03
    0.37895E+00    0.17819E+03
    0.38661E+00    0.17061E+03
    0.39442E+00    0.16319E+03
    0.40239E+00    0.15619E+03
    0.41052E+00    0.14974E+03
    0.41881E+00    0.14377E+03
    0.42727E+00    0.13809E+03
    0.43590E+00    0.13253E+03
    0.44471E+00    0.12701E+03
    0.45369E+00    0.12159E+03
    0.46286E+00    0.11637E+03
    0.47221E+00    0.11146E+03
    0.48174E+00    0.10684E+03
    0.49148E+00    0.10243E+03
    0.50141E+00    0.98156E+02
    0.51153E+00    0.93986E+02
    0.52187E+00    0.89951E+02
    0.53241E+00    0.86098E+02
    0.54317E+00    0.82440E+02
    0.55414E+00    0.78948E+02
    0.56533E+00    0.75585E+02
    0.57675E+00    0.72335E+02
    0.58840E+00    0.69208E+02
    0.60029E+00    0.66219E+02
    0.61242E+00    0.63364E+02
    0.62479E+00    0.60629E+02
    0.63741E+00    0.57998E+02
    0.65029E+00    0.55471E+02
    0.66342E+00    0.53051E+02
    0.67683E+00    0.50736E+02
    0.69050E+00    0.48518E+02
    0.70445E+00    0.46390E+02
    0.71868E+00    0.44350E+02
    0.73320E+00    0.42397E+02
    0.74801E+00    0.40527E+02
    0.76312E+00    0.38736E+02
    0.77854E+00    0.37020E+02
    0.79426E+00    0.35376E+02
    0.81031E+00    0.33803E+02
    0.82668E+00    0.32297E+02
    0.84338E+00    0.30855E+02
    0.86041E+00    0.29475E+02
    0.87780E+00    0.28154E+02
    0.89553E+00    0.26890E+02
    0.91362E+00    0.25681E+02
    0.93208E+00    0.24524E+02
    0.95091E+00    0.23418E+02
    0.97011E+00    0.22359E+02
    0.98971E+00    0.21347E+02
    0.10097E+01    0.20378E+02
    0.10301E+01    0.19452E+02
    0.10509E+01    0.18567E+02
    0.10721E+01    0.17720E+02
    0.10938E+01    0.16911E+02
    0.11159E+01    0.16137E+02
    0.11384E+01    0.15398E+02
    0.11614E+01    0.14691E+02
    0.11849E+01    0.14016E+02
    0.12088E+01    0.13371E+02
    0.12333E+01    0.12755E+02
    0.12582E+01    0.12166E+02
    0.12836E+01    0.11603E+02
    0.13095E+01    0.11066E+02
    0.13360E+01    0.10553E+02
    0.13630E+01    0.10063E+02
    0.13905E+01    0.95947E+01
    0.14186E+01    0.91477E+01
    0.14472E+01    0.87212E+01
    0.14765E+01    0.83138E+01
    0.15063E+01    0.79248E+01
    0.15367E+01    0.75538E+01
    0.15678E+01    0.71994E+01
    0.15994E+01    0.68613E+01
    0.16318E+01    0.65387E+01
    0.16647E+01    0.62307E+01
    0.16984E+01    0.59370E+01
    0.17327E+01    0.56567E+01
    0.17677E+01    0.53893E+01
    0.18034E+01    0.51343E+01
    0.18398E+01    0.48909E+01
    0.18770E+01    0.46589E+01
    0.19149E+01    0.44376E+01
    0.19536E+01    0.42265E+01
    0.19930E+01    0.40251E+01
    0.20333E+01    0.38334E+01
    0.20744E+01    0.36504E+01
    0.21163E+01    0.34758E+01
    0.21590E+01    0.33096E+01
    0.22026E+01    0.31511E+01
    0.22471E+01    0.29999E+01
    0.22925E+01    0.28559E+01
    0.23388E+01    0.27187E+01
    0.23861E+01    0.25878E+01
    0.24343E+01    0.24632E+01
    0.24835E+01    0.23445E+01
    0.25336E+01    0.22312E+01
    0.25848E+01    0.21235E+01
    0.26370E+01    0.20208E+01
    0.26903E+01    0.19228E+01
    0.27447E+01    0.18297E+01
    0.28001E+01    0.17409E+01
    0.28567E+01    0.16563E+01
    0.29144E+01    0.15758E+01
    0.29733E+01    0.14991E+01
    0.30333E+01    0.14261E+01
    0.30946E+01    0.13565E+01
    0.31571E+01    0.12903E+01
    0.32209E+01    0.12273E+01
    0.32860E+01    0.11672E+01
    0.33523E+01    0.11101E+01
    0.34201E+01    0.10557E+01
    0.34892E+01    0.10040E+01
    0.35596E+01    0.95466E+00
    0.36316E+01    0.90778E+00
    0.37049E+01    0.86311E+00
    0.37798E+01    0.82064E+00
    0.38561E+01    0.78021E+00
    0.39340E+01    0.74176E+00
    0.40135E+01    0.70512E+00
    0.40946E+01    0.67031E+00
    0.41773E+01    0.63718E+00
    0.42617E+01    0.60564E+00
    0.43478E+01    0.57566E+00
    0.44356E+01    0.54713E+00
    0.45252E+01    0.51999E+00
    0.46166E+01    0.49418E+00
    0.47099E+01    0.46963E+00
    0.48050E+01    0.44628E+00
    0.49021E+01    0.42407E+00
    0.50011E+01    0.40295E+00
    0.51021E+01    0.38287E+00
    0.52052E+01    0.36377E+00
    0.53104E+01    0.34561E+00
    0.54176E+01    0.32834E+00
    0.55271E+01    0.31194E+00
    0.56387E+01    0.29633E+00
    0.57526E+01    0.28149E+00
    0.58689E+01    0.26739E+00
    0.59874E+01    0.25398E+00
    0.61084E+01    0.24124E+00
    0.62318E+01    0.22912E+00
    0.63577E+01    0.21761E+00
    0.64861E+01    0.20667E+00
    0.66171E+01    0.19627E+00
    0.67508E+01    0.18638E+00
    0.68872E+01    0.17699E+00
    0.70263E+01    0.16806E+00
    0.71682E+01    0.15958E+00
    0.73130E+01    0.15153E+00
    0.74608E+01    0.14387E+00
    0.76115E+01    0.13660E+00
    0.77653E+01    0.12969E+00
    0.79221E+01    0.12312E+00
    0.80822E+01    0.11688E+00
    0.82454E+01    0.11096E+00
    0.84120E+01    0.10533E+00
    0.85819E+01    0.99982E-01
    0.87553E+01    0.94903E-01
    0.89322E+01    0.90080E-01
    0.91126E+01    0.85500E-01
    0.92967E+01    0.81148E-01
    0.94845E+01    0.77016E-01
    0.96761E+01    0.73093E-01
    0.98716E+01    0.69366E-01
    0.10071E+02    0.65828E-01
    0.10274E+02    0.62468E-01
    0.10482E+02    0.59278E-01
    0.10694E+02    0.56249E-01
    0.10910E+02    0.53372E-01
    0.11130E+02    0.50642E-01
    0.11355E+02    0.48050E-01
    0.11584E+02    0.45589E-01
    0.11818E+02    0.43253E-01
    0.12057E+02    0.41034E-01
    0.12301E+02    0.38929E-01
    0.12549E+02    0.36931E-01
    0.12803E+02    0.35034E-01
    0.13061E+02    0.33233E-01
    0.13325E+02    0.31525E-01
    0.13594E+02    0.29903E-01
    0.13869E+02    0.28364E-01
    0.14149E+02    0.26903E-01
    0.14435E+02    0.25517E-01
    0.14727E+02    0.24201E-01
    0.15024E+02    0.22953E-01
    0.15328E+02    0.21768E-01
    0.15637E+02    0.20644E-01
    0.15953E+02    0.19578E-01
    0.16275E+02    0.18566E-01
    0.16604E+02    0.17606E-01
    0.16940E+02    0.16695E-01
    0.17282E+02    0.15831E-01
    0.17631E+02    0.15011E-01
    0.17987E+02    0.14233E-01
    0.18351E+02    0.13495E-01
    0.18721E+02    0.12795E-01
    0.19099E+02    0.12131E-01
    0.19485E+02    0.11501E-01
    0.19879E+02    0.10904E-01
    0.20280E+02    0.10337E-01
    0.20690E+02    0.97995E-02
    0.21108E+02    0.92897E-02
    0.21535E+02    0.88063E-02
    0.21970E+02    0.83477E-02
    0.22413E+02    0.79129E-02
    0.22866E+02    0.75005E-02
    0.23328E+02    0.71094E-02
    0.23799E+02    0.67385E-02
    0.24280E+02    0.63868E-02
    0.24771E+02    0.60534E-02
    0.25271E+02    0.57372E-02
    0.25782E+02    0.54373E-02
    0.26302E+02    0.51530E-02
    0.26834E+02    0.48835E-02
    0.27376E+02    0.46279E-02
    0.27929E+02    0.43856E-02
    0.28493E+02    0.41559E-02
    0.29069E+02    0.39381E-02
    0.29656E+02    0.37316E-02
    0.30255E+02    0.35359E-02
    0.30866E+02    0.33504E-02
    0.31490E+02    0.31745E-02
    0.32126E+02    0.30078E-02
    0.32775E+02    0.28497E-02
    0.33437E+02    0.26999E-02
    0.34112E+02    0.25579E-02
    0.34801E+02    0.24233E-02
    0.35504E+02    0.22958E-02
    0.36222E+02    0.21749E-02
    0.36953E+02    0.20603E-02
    0.37700E+02    0.19517E-02
    0.38462E+02    0.18488E-02
    0.39239E+02    0.17513E-02
    0.40031E+02    0.16588E-02
    0.40840E+02    0.15713E-02
    0.41665E+02    0.14883E-02
    0.42507E+02    0.14096E-02
    0.43365E+02    0.13351E-02
    0.44241E+02    0.12645E-02
    0.45135E+02    0.11975E-02
    0.46047E+02    0.11341E-02
    0.46977E+02    0.10741E-02
    0.47926E+02    0.10172E-02
    0.48894E+02    0.96323E-03
    0.49882E+02    0.91214E-03
    0.50890E+02    0.86374E-03
    0.51918E+02    0.81788E-03
    0.52966E+02    0.77444E-03
    0.54036E+02    0.73329E-03
    0.55128E+02    0.69430E-03
    0.56242E+02    0.65737E-03
    0.57378E+02    0.62239E-03
    0.58537E+02    0.58925E-03
    0.59720E+02    0.55786E-03
    0.60926E+02    0.52813E-03
    0.62157E+02    0.49997E-03
    0.63412E+02    0.47330E-03
    0.64693E+02    0.44803E-03
    0.66000E+02    0.42411E-03
    0.67334E+02    0.40145E-03
    0.68694E+02    0.37998E-03
    0.70082E+02    0.35966E-03
    0.71497E+02    0.34041E-03
    0.72942E+02    0.32218E-03
    0.74415E+02    0.30492E-03
    0.75918E+02    0.28857E-03
    0.77452E+02    0.27309E-03
    0.79017E+02    0.25844E-03
    0.80613E+02    0.24456E-03
    0.82241E+02    0.23142E-03
    0.83903E+02    0.21897E-03
    0.85598E+02    0.20719E-03
    0.87327E+02    0.19604E-03
    0.89091E+02    0.18547E-03
    0.90891E+02    0.17548E-03
    0.92727E+02    0.16601E-03
    0.94600E+02    0.15705E-03
    0.96511E+02    0.14856E-03
    0.98461E+02    0.14053E-03
    0.10045E+03    0.13293E-03
    0.10248E+03    0.12573E-03
    0.10455E+03    0.11892E-03
    0.10666E+03    0.11247E-03
    0.10882E+03    0.10637E-03
    0.11101E+03    0.10059E-03
    0.11326E+03    0.95124E-04
    0.11554E+03    0.89949E-04
    0.11788E+03    0.85051E-04
    0.12026E+03    0.80416E-04
    0.12269E+03    0.76029E-04
    0.12517E+03    0.71878E-04
    0.12770E+03    0.67949E-04
    0.13028E+03    0.64232E-04
    0.13291E+03    0.60714E-04
    0.13559E+03    0.57386E-04
    0.13833E+03    0.54237E-04
    0.14113E+03    0.51257E-04
    0.14398E+03    0.48438E-04
    0.14689E+03    0.45771E-04
    0.14985E+03    0.43248E-04
    0.15288E+03    0.40861E-04
    0.15597E+03    0.38602E-04
    0.15912E+03    0.36467E-04
    0.16233E+03    0.34446E-04
    0.16561E+03    0.32535E-04
    0.16896E+03    0.30728E-04
    0.17237E+03    0.29018E-04
    0.17585E+03    0.27401E-04
    0.17941E+03    0.25873E-04
    0.18303E+03    0.24427E-04
    0.18673E+03    0.23060E-04
    0.19050E+03    0.21767E-04
    0.19435E+03    0.20545E-04
    0.19828E+03    0.19389E-04
