#           k/h    P           
    0.10000E-03    0.70934E+02
    0.10202E-03    0.72326E+02
    0.10408E-03    0.73746E+02
    0.10618E-03    0.75193E+02
    0.10833E-03    0.76668E+02
    0.11052E-03    0.78172E+02
    0.11275E-03    0.79706E+02
    0.11503E-03    0.81270E+02
    0.11735E-03    0.82864E+02
    0.11972E-03    0.84490E+02
    0.12214E-03    0.86148E+02
    0.12461E-03    0.87838E+02
    0.12712E-03    0.89561E+02
    0.12969E-03    0.91318E+02
    0.13231E-03    0.93109E+02
    0.13499E-03    0.94936E+02
    0.13771E-03    0.96798E+02
    0.14049E-03    0.98697E+02
    0.14333E-03    0.10063E+03
    0.14623E-03    0.10261E+03
    0.14918E-03    0.10462E+03
    0.15220E-03    0.10667E+03
    0.15527E-03    0.10876E+03
    0.15841E-03    0.11090E+03
    0.16161E-03    0.11307E+03
    0.16487E-03    0.11529E+03
    0.16820E-03    0.11755E+03
    0.17160E-03    0.11985E+03
    0.17507E-03    0.12220E+03
    0.17860E-03    0.12460E+03
    0.18221E-03    0.12704E+03
    0.18589E-03    0.12953E+03
    0.18965E-03    0.13207E+03
    0.19348E-03    0.13466E+03
    0.19739E-03    0.13730E+03
    0.20138E-03    0.13999E+03
    0.20544E-03    0.14273E+03
    0.20959E-03    0.14553E+03
    0.21383E-03    0.14838E+03
    0.21815E-03    0.15129E+03
    0.22255E-03    0.15425E+03
    0.22705E-03    0.15728E+03
    0.23164E-03    0.16036E+03
    0.23632E-03    0.16350E+03
    0.24109E-03    0.16670E+03
    0.24596E-03    0.16997E+03
    0.25093E-03    0.17329E+03
    0.25600E-03    0.17669E+03
    0.26117E-03    0.18015E+03
    0.26645E-03    0.18367E+03
    0.27183E-03    0.18727E+03
    0.27732E-03    0.19093E+03
    0.28292E-03    0.19467E+03
    0.28864E-03    0.19848E+03
    0.29447E-03    0.20236E+03
    0.30042E-03    0.20632E+03
    0.30649E-03    0.21036E+03
    0.31268E-03    0.21447E+03
    0.31899E-03    0.21867E+03
    0.32544E-03    0.22294E+03
    0.33201E-03    0.22730E+03
    0.33872E-03    0.23174E+03
    0.34556E-03    0.23627E+03
    0.35254E-03    0.24089E+03
    0.35966E-03    0.24559E+03
    0.36693E-03    0.25039E+03
    0.37434E-03    0.25528E+03
    0.38190E-03    0.26026E+03
    0.38962E-03    0.26534E+03
    0.39749E-03    0.27052E+03
    0.40552E-03    0.27580E+03
    0.41371E-03    0.28117E+03
    0.42207E-03    0.28666E+03
    0.43060E-03    0.29225E+03
    0.43929E-03    0.29794E+03
    0.44817E-03    0.30375E+03
    0.45722E-03    0.30966E+03
    0.46646E-03    0.31569E+03
    0.47588E-03    0.32184E+03
    0.48550E-03    0.32810E+03
    0.49530E-03    0.33448E+03
    0.50531E-03    0.34098E+03
    0.51552E-03    0.34761E+03
    0.52593E-03    0.35437E+03
    0.53656E-03    0.36125E+03
    0.54739E-03    0.36826E+03
    0.55845E-03    0.37541E+03
    0.56973E-03    0.38269E+03
    0.58124E-03    0.39011E+03
    0.59299E-03    0.39767E+03
    0.60496E-03    0.40537E+03
    0.61719E-03    0.41322E+03
    0.62965E-03    0.42122E+03
    0.64237E-03    0.42936E+03
    0.65535E-03    0.43766E+03
    0.66859E-03    0.44611E+03
    0.68210E-03    0.45473E+03
    0.69588E-03    0.46350E+03
    0.70993E-03    0.47243E+03
    0.72427E-03    0.48154E+03
    0.73891E-03    0.49081E+03
    0.75383E-03    0.50025E+03
    0.76906E-03    0.50987E+03
    0.78460E-03    0.51966E+03
    0.80045E-03    0.52963E+03
    0.81662E-03    0.53979E+03
    0.83311E-03    0.55013E+03
    0.84994E-03    0.56067E+03
    0.86711E-03    0.57139E+03
    0.88463E-03    0.58231E+03
    0.90250E-03    0.59342E+03
    0.92073E-03    0.60474E+03
    0.93933E-03    0.61626E+03
    0.95831E-03    0.62799E+03
    0.97767E-03    0.63993E+03
    0.99742E-03    0.65208E+03
    0.10176E-02    0.66444E+03
    0.10381E-02    0.67703E+03
    0.10591E-02    0.68983E+03
    0.10805E-02    0.70287E+03
    0.11023E-02    0.71613E+03
    0.11246E-02    0.72962E+03
    0.11473E-02    0.74335E+03
    0.11705E-02    0.75731E+03
    0.11941E-02    0.77151E+03
    0.12182E-02    0.78596E+03
    0.12429E-02    0.80066E+03
    0.12680E-02    0.81560E+03
    0.12936E-02    0.83080E+03
    0.13197E-02    0.84626E+03
    0.13464E-02    0.86197E+03
    0.13736E-02    0.87794E+03
    0.14013E-02    0.89418E+03
    0.14296E-02    0.91069E+03
    0.14585E-02    0.92746E+03
    0.14880E-02    0.94451E+03
    0.15180E-02    0.96183E+03
    0.15487E-02    0.97943E+03
    0.15800E-02    0.99732E+03
    0.16119E-02    0.10155E+04
    0.16445E-02    0.10339E+04
    0.16777E-02    0.10527E+04
    0.17116E-02    0.10717E+04
    0.17462E-02    0.10910E+04
    0.17814E-02    0.11106E+04
    0.18174E-02    0.11305E+04
    0.18541E-02    0.11507E+04
    0.18916E-02    0.11712E+04
    0.19298E-02    0.11920E+04
    0.19688E-02    0.12131E+04
    0.20086E-02    0.12346E+04
    0.20491E-02    0.12563E+04
    0.20905E-02    0.12783E+04
    0.21328E-02    0.13006E+04
    0.21758E-02    0.13232E+04
    0.22198E-02    0.13461E+04
    0.22646E-02    0.13693E+04
    0.23104E-02    0.13929E+04
    0.23571E-02    0.14167E+04
    0.24047E-02    0.14408E+04
    0.24533E-02    0.14653E+04
    0.25028E-02    0.14900E+04
    0.25534E-02    0.15150E+04
    0.26050E-02    0.15403E+04
    0.26576E-02    0.15659E+04
    0.27113E-02    0.15918E+04
    0.27660E-02    0.16180E+04
    0.28219E-02    0.16445E+04
    0.28789E-02    0.16713E+04
    0.29371E-02    0.16983E+04
    0.29964E-02    0.17256E+04
    0.30569E-02    0.17532E+04
    0.31187E-02    0.17810E+04
    0.31817E-02    0.18091E+04
    0.32460E-02    0.18375E+04
    0.33115E-02    0.18661E+04
    0.33784E-02    0.18949E+04
    0.34467E-02    0.19240E+04
    0.35163E-02    0.19532E+04
    0.35874E-02    0.19828E+04
    0.36598E-02    0.20125E+04
    0.37338E-02    0.20424E+04
    0.38092E-02    0.20725E+04
    0.38861E-02    0.21028E+04
    0.39646E-02    0.21333E+04
    0.40447E-02    0.21639E+04
    0.41264E-02    0.21947E+04
    0.42098E-02    0.22256E+04
    0.42948E-02    0.22567E+04
    0.43816E-02    0.22879E+04
    0.44701E-02    0.23191E+04
    0.45604E-02    0.23505E+04
    0.46525E-02    0.23820E+04
    0.47465E-02    0.24135E+04
    0.48424E-02    0.24451E+04
    0.49402E-02    0.24767E+04
    0.50400E-02    0.25084E+04
    0.51419E-02    0.25400E+04
    0.52457E-02    0.25717E+04
    0.53517E-02    0.26033E+04
    0.54598E-02    0.26349E+04
    0.55701E-02    0.26665E+04
    0.56826E-02    0.26980E+04
    0.57974E-02    0.27293E+04
    0.59145E-02    0.27606E+04
    0.60340E-02    0.27918E+04
    0.61559E-02    0.28227E+04
    0.62803E-02    0.28536E+04
    0.64072E-02    0.28842E+04
    0.65366E-02    0.29146E+04
    0.66686E-02    0.29448E+04
    0.68033E-02    0.29748E+04
    0.69408E-02    0.30044E+04
    0.70810E-02    0.30338E+04
    0.72240E-02    0.30628E+04
    0.73700E-02    0.30915E+04
    0.75189E-02    0.31198E+04
    0.76708E-02    0.31477E+04
    0.78257E-02    0.31752E+04
    0.79838E-02    0.32023E+04
    0.81451E-02    0.32288E+04
    0.83096E-02    0.32549E+04
    0.84775E-02    0.32804E+04
    0.86488E-02    0.33053E+04
    0.88235E-02    0.33297E+04
    0.90017E-02    0.33534E+04
    0.91836E-02    0.33764E+04
    0.93691E-02    0.33988E+04
    0.95583E-02    0.34204E+04
    0.97514E-02    0.34413E+04
    0.99484E-02    0.34614E+04
    0.10149E-01    0.34807E+04
    0.10354E-01    0.34991E+04
    0.10564E-01    0.35167E+04
    0.10777E-01    0.35333E+04
    0.10995E-01    0.35489E+04
    0.11217E-01    0.35636E+04
    0.11443E-01    0.35772E+04
    0.11675E-01    0.35898E+04
    0.11910E-01    0.36013E+04
    0.12151E-01    0.36117E+04
    0.12397E-01    0.36208E+04
    0.12647E-01    0.36288E+04
    0.12902E-01    0.36356E+04
    0.13163E-01    0.36411E+04
    0.13429E-01    0.36453E+04
    0.13700E-01    0.36481E+04
    0.13977E-01    0.36496E+04
    0.14259E-01    0.36497E+04
    0.14547E-01    0.36483E+04
    0.14841E-01    0.36455E+04
    0.15141E-01    0.36412E+04
    0.15447E-01    0.36353E+04
    0.15759E-01    0.36279E+04
    0.16077E-01    0.36189E+04
    0.16402E-01    0.36083E+04
    0.16734E-01    0.35961E+04
    0.17072E-01    0.35823E+04
    0.17416E-01    0.35668E+04
    0.17768E-01    0.35496E+04
    0.18127E-01    0.35308E+04
    0.18493E-01    0.35102E+04
    0.18867E-01    0.34880E+04
    0.19248E-01    0.34641E+04
    0.19637E-01    0.34386E+04
    0.20034E-01    0.34113E+04
    0.20438E-01    0.33824E+04
    0.20851E-01    0.33518E+04
    0.21272E-01    0.33197E+04
    0.21702E-01    0.32859E+04
    0.22141E-01    0.32505E+04
    0.22588E-01    0.32137E+04
    0.23044E-01    0.31754E+04
    0.23510E-01    0.31356E+04
    0.23985E-01    0.30945E+04
    0.24469E-01    0.30520E+04
    0.24964E-01    0.30084E+04
    0.25468E-01    0.29635E+04
    0.25982E-01    0.29176E+04
    0.26507E-01    0.28707E+04
    0.27043E-01    0.28228E+04
    0.27589E-01    0.27742E+04
    0.28146E-01    0.27249E+04
    0.28715E-01    0.26750E+04
    0.29295E-01    0.26246E+04
    0.29887E-01    0.25738E+04
    0.30490E-01    0.25228E+04
    0.31106E-01    0.24717E+04
    0.31735E-01    0.24206E+04
    0.32376E-01    0.23697E+04
    0.33030E-01    0.23190E+04
    0.33697E-01    0.22687E+04
    0.34378E-01    0.22190E+04
    0.35072E-01    0.21699E+04
    0.35781E-01    0.21216E+04
    0.36504E-01    0.20742E+04
    0.37241E-01    0.20278E+04
    0.37993E-01    0.19826E+04
    0.38761E-01    0.19386E+04
    0.39544E-01    0.18959E+04
    0.40343E-01    0.18546E+04
    0.41158E-01    0.18148E+04
    0.41989E-01    0.17765E+04
    0.42838E-01    0.17398E+04
    0.43703E-01    0.17047E+04
    0.44586E-01    0.16713E+04
    0.45486E-01    0.16395E+04
    0.46405E-01    0.16092E+04
    0.47343E-01    0.15806E+04
    0.48299E-01    0.15535E+04
    0.49275E-01    0.15279E+04
    0.50270E-01    0.15036E+04
    0.51286E-01    0.14807E+04
    0.52322E-01    0.14588E+04
    0.53379E-01    0.14379E+04
    0.54457E-01    0.14178E+04
    0.55557E-01    0.13983E+04
    0.56680E-01    0.13792E+04
    0.57825E-01    0.13604E+04
    0.58993E-01    0.13415E+04
    0.60184E-01    0.13224E+04
    0.61400E-01    0.13028E+04
    0.62641E-01    0.12825E+04
    0.63906E-01    0.12613E+04
    0.65197E-01    0.12390E+04
    0.66514E-01    0.12155E+04
    0.67858E-01    0.11905E+04
    0.69229E-01    0.11641E+04
    0.70627E-01    0.11362E+04
    0.72054E-01    0.11068E+04
    0.73510E-01    0.10759E+04
    0.74994E-01    0.10437E+04
    0.76509E-01    0.10104E+04
    0.78055E-01    0.97616E+03
    0.79632E-01    0.94132E+03
    0.81241E-01    0.90620E+03
    0.82882E-01    0.87117E+03
    0.84556E-01    0.83656E+03
    0.86264E-01    0.80277E+03
    0.88007E-01    0.77016E+03
    0.89785E-01    0.73908E+03
    0.91598E-01    0.70982E+03
    0.93449E-01    0.68265E+03
    0.95337E-01    0.65773E+03
    0.97263E-01    0.63519E+03
    0.99227E-01    0.61508E+03
    0.10123E+00    0.59736E+03
    0.10328E+00    0.58189E+03
    0.10536E+00    0.56848E+03
    0.10749E+00    0.55684E+03
    0.10966E+00    0.54662E+03
    0.11188E+00    0.53740E+03
    0.11414E+00    0.52873E+03
    0.11644E+00    0.52011E+03
    0.11880E+00    0.51108E+03
    0.12120E+00    0.50121E+03
    0.12365E+00    0.49013E+03
    0.12614E+00    0.47760E+03
    0.12869E+00    0.46350E+03
    0.13129E+00    0.44786E+03
    0.13394E+00    0.43087E+03
    0.13665E+00    0.41286E+03
    0.13941E+00    0.39427E+03
    0.14223E+00    0.37562E+03
    0.14510E+00    0.35744E+03
    0.14803E+00    0.34025E+03
    0.15102E+00    0.32447E+03
    0.15407E+00    0.31041E+03
    0.15718E+00    0.29826E+03
    0.16036E+00    0.28802E+03
    0.16360E+00    0.27954E+03
    0.16690E+00    0.27254E+03
    0.17028E+00    0.26661E+03
    0.17371E+00    0.26124E+03
    0.17722E+00    0.25592E+03
    0.18080E+00    0.25015E+03
    0.18446E+00    0.24356E+03
    0.18818E+00    0.23593E+03
    0.19198E+00    0.22725E+03
    0.19586E+00    0.21770E+03
    0.19982E+00    0.20763E+03
    0.20386E+00    0.19751E+03
    0.20797E+00    0.18781E+03
    0.21218E+00    0.17893E+03
    0.21646E+00    0.17116E+03
    0.22083E+00    0.16459E+03
    0.22530E+00    0.15914E+03
    0.22985E+00    0.15455E+03
    0.23449E+00    0.15046E+03
    0.23923E+00    0.14646E+03
    0.24406E+00    0.14220E+03
    0.24899E+00    0.13745E+03
    0.25402E+00    0.13215E+03
    0.25915E+00    0.12644E+03
    0.26439E+00    0.12059E+03
    0.26973E+00    0.11492E+03
    0.27518E+00    0.10972E+03
    0.28074E+00    0.10514E+03
    0.28641E+00    0.10121E+03
    0.29219E+00    0.97788E+02
    0.29810E+00    0.94643E+02
    0.30412E+00    0.91525E+02
    0.31026E+00    0.88252E+02
    0.31653E+00    0.84760E+02
    0.32292E+00    0.81119E+02
    0.32945E+00    0.77493E+02
    0.33610E+00    0.74059E+02
    0.34289E+00    0.70939E+02
    0.34982E+00    0.68155E+02
    0.35689E+00    0.65629E+02
    0.36409E+00    0.63227E+02
    0.37145E+00    0.60830E+02
    0.37895E+00    0.58378E+02
    0.38661E+00    0.55898E+02
    0.39442E+00    0.53469E+02
    0.40239E+00    0.51178E+02
    0.41052E+00    0.49064E+02
    0.41881E+00    0.47109E+02
    0.42727E+00    0.45252E+02
    0.43590E+00    0.43432E+02
    0.44471E+00    0.41624E+02
    0.45369E+00    0.39847E+02
    0.46286E+00    0.38139E+02
    0.47221E+00    0.36530E+02
    0.48174E+00    0.35016E+02
    0.49148E+00    0.33573E+02
    0.50141E+00    0.32173E+02
    0.51153E+00    0.30807E+02
    0.52187E+00    0.29485E+02
    0.53241E+00    0.28223E+02
    0.54317E+00    0.27024E+02
    0.55414E+00    0.25880E+02
    0.56533E+00    0.24779E+02
    0.57675E+00    0.23714E+02
    0.58840E+00    0.22689E+02
    0.60029E+00    0.21709E+02
    0.61242E+00    0.20774E+02
    0.62479E+00    0.19878E+02
    0.63741E+00    0.19016E+02
    0.65029E+00    0.18187E+02
    0.66342E+00    0.17394E+02
    0.67683E+00    0.16635E+02
    0.69050E+00    0.15908E+02
    0.70445E+00    0.15211E+02
    0.71868E+00    0.14542E+02
    0.73320E+00    0.13902E+02
    0.74801E+00    0.13289E+02
    0.76312E+00    0.12702E+02
    0.77854E+00    0.12139E+02
    0.79426E+00    0.11601E+02
    0.81031E+00    0.11085E+02
    0.82668E+00    0.10591E+02
    0.84338E+00    0.10118E+02
    0.86041E+00    0.96659E+01
    0.87780E+00    0.92329E+01
    0.89553E+00    0.88186E+01
    0.91362E+00    0.84221E+01
    0.93208E+00    0.80428E+01
    0.95091E+00    0.76800E+01
    0.97011E+00    0.73329E+01
    0.98971E+00    0.70009E+01
    0.10097E+01    0.66834E+01
    0.10301E+01    0.63797E+01
    0.10509E+01    0.60893E+01
    0.10721E+01    0.58117E+01
    0.10938E+01    0.55464E+01
    0.11159E+01    0.52927E+01
    0.11384E+01    0.50503E+01
    0.11614E+01    0.48185E+01
    0.11849E+01    0.45972E+01
    0.12088E+01    0.43857E+01
    0.12333E+01    0.41834E+01
    0.12582E+01    0.39903E+01
    0.12836E+01    0.38059E+01
    0.13095E+01    0.36296E+01
    0.13360E+01    0.34613E+01
    0.13630E+01    0.33006E+01
    0.13905E+01    0.31471E+01
    0.14186E+01    0.30005E+01
    0.14472E+01    0.28606E+01
    0.14765E+01    0.27270E+01
    0.15063E+01    0.25994E+01
    0.15367E+01    0.24777E+01
    0.15678E+01    0.23615E+01
    0.15994E+01    0.22506E+01
    0.16318E+01    0.21448E+01
    0.16647E+01    0.20438E+01
    0.16984E+01    0.19475E+01
    0.17327E+01    0.18555E+01
    0.17677E+01    0.17678E+01
    0.18034E+01    0.16842E+01
    0.18398E+01    0.16043E+01
    0.18770E+01    0.15282E+01
    0.19149E+01    0.14556E+01
    0.19536E+01    0.13864E+01
    0.19930E+01    0.13203E+01
    0.20333E+01    0.12575E+01
    0.20744E+01    0.11974E+01
    0.21163E+01    0.11402E+01
    0.21590E+01    0.10856E+01
    0.22026E+01    0.10337E+01
    0.22471E+01    0.98405E+00
    0.22925E+01    0.93683E+00
    0.23388E+01    0.89183E+00
    0.23861E+01    0.84889E+00
    0.24343E+01    0.80801E+00
    0.24835E+01    0.76908E+00
    0.25336E+01    0.73192E+00
    0.25848E+01    0.69657E+00
    0.26370E+01    0.66289E+00
    0.26903E+01    0.63076E+00
    0.27447E+01    0.60021E+00
    0.28001E+01    0.57108E+00
    0.28567E+01    0.54333E+00
    0.29144E+01    0.51694E+00
    0.29733E+01    0.49176E+00
    0.30333E+01    0.46781E+00
    0.30946E+01    0.44499E+00
    0.31571E+01    0.42328E+00
    0.32209E+01    0.40260E+00
    0.32860E+01    0.38290E+00
    0.33523E+01    0.36417E+00
    0.34201E+01    0.34632E+00
    0.34892E+01    0.32934E+00
    0.35596E+01    0.31317E+00
    0.36316E+01    0.29779E+00
    0.37049E+01    0.28314E+00
    0.37798E+01    0.26920E+00
    0.38561E+01    0.25594E+00
    0.39340E+01    0.24333E+00
    0.40135E+01    0.23131E+00
    0.40946E+01    0.21989E+00
    0.41773E+01    0.20902E+00
    0.42617E+01    0.19868E+00
    0.43478E+01    0.18884E+00
    0.44356E+01    0.17948E+00
    0.45252E+01    0.17058E+00
    0.46166E+01    0.16211E+00
    0.47099E+01    0.15406E+00
    0.48050E+01    0.14640E+00
    0.49021E+01    0.13911E+00
    0.50011E+01    0.13219E+00
    0.51021E+01    0.12560E+00
    0.52052E+01    0.11933E+00
    0.53104E+01    0.11338E+00
    0.54176E+01    0.10771E+00
    0.55271E+01    0.10233E+00
    0.56387E+01    0.97210E-01
    0.57526E+01    0.92342E-01
    0.58689E+01    0.87715E-01
    0.59874E+01    0.83316E-01
    0.61084E+01    0.79138E-01
    0.62318E+01    0.75163E-01
    0.63577E+01    0.71387E-01
    0.64861E+01    0.67796E-01
    0.66171E+01    0.64385E-01
    0.67508E+01    0.61142E-01
    0.68872E+01    0.58062E-01
    0.70263E+01    0.55133E-01
    0.71682E+01    0.52352E-01
    0.73130E+01    0.49708E-01
    0.74608E+01    0.47197E-01
    0.76115E+01    0.44810E-01
    0.77653E+01    0.42543E-01
    0.79221E+01    0.40389E-01
    0.80822E+01    0.38343E-01
    0.82454E+01    0.36399E-01
    0.84120E+01    0.34553E-01
    0.85819E+01    0.32799E-01
    0.87553E+01    0.31133E-01
    0.89322E+01    0.29551E-01
    0.91126E+01    0.28048E-01
    0.92967E+01    0.26620E-01
    0.94845E+01    0.25265E-01
    0.96761E+01    0.23978E-01
    0.98716E+01    0.22755E-01
    0.10071E+02    0.21595E-01
    0.10274E+02    0.20493E-01
    0.10482E+02    0.19446E-01
    0.10694E+02    0.18452E-01
    0.10910E+02    0.17509E-01
    0.11130E+02    0.16613E-01
    0.11355E+02    0.15763E-01
    0.11584E+02    0.14955E-01
    0.11818E+02    0.14189E-01
    0.12057E+02    0.13461E-01
    0.12301E+02    0.12771E-01
    0.12549E+02    0.12115E-01
    0.12803E+02    0.11493E-01
    0.13061E+02    0.10902E-01
    0.13325E+02    0.10342E-01
    0.13594E+02    0.98097E-02
    0.13869E+02    0.93048E-02
    0.14149E+02    0.88256E-02
    0.14435E+02    0.83708E-02
    0.14727E+02    0.79393E-02
    0.15024E+02    0.75297E-02
    0.15328E+02    0.71411E-02
    0.15637E+02    0.67724E-02
    0.15953E+02    0.64225E-02
    0.16275E+02    0.60906E-02
    0.16604E+02    0.57756E-02
    0.16940E+02    0.54767E-02
    0.17282E+02    0.51933E-02
    0.17631E+02    0.49243E-02
    0.17987E+02    0.46691E-02
    0.18351E+02    0.44270E-02
    0.18721E+02    0.41974E-02
    0.19099E+02    0.39796E-02
    0.19485E+02    0.37730E-02
    0.19879E+02    0.35770E-02
    0.20280E+02    0.33911E-02
    0.20690E+02    0.32148E-02
    0.21108E+02    0.30475E-02
    0.21535E+02    0.28889E-02
    0.21970E+02    0.27385E-02
    0.22413E+02    0.25959E-02
    0.22866E+02    0.24606E-02
    0.23328E+02    0.23323E-02
    0.23799E+02    0.22106E-02
    0.24280E+02    0.20952E-02
    0.24771E+02    0.19858E-02
    0.25271E+02    0.18821E-02
    0.25782E+02    0.17838E-02
    0.26302E+02    0.16905E-02
    0.26834E+02    0.16021E-02
    0.27376E+02    0.15182E-02
    0.27929E+02    0.14387E-02
    0.28493E+02    0.13634E-02
    0.29069E+02    0.12919E-02
    0.29656E+02    0.12242E-02
    0.30255E+02    0.11600E-02
    0.30866E+02    0.10991E-02
    0.31490E+02    0.10414E-02
    0.32126E+02    0.98673E-03
    0.32775E+02    0.93488E-03
    0.33437E+02    0.88574E-03
    0.34112E+02    0.83916E-03
    0.34801E+02    0.79501E-03
    0.35504E+02    0.75316E-03
    0.36222E+02    0.71350E-03
    0.36953E+02    0.67591E-03
    0.37700E+02    0.64029E-03
    0.38462E+02    0.60653E-03
    0.39239E+02    0.57453E-03
    0.40031E+02    0.54421E-03
    0.40840E+02    0.51548E-03
    0.41665E+02    0.48825E-03
    0.42507E+02    0.46245E-03
    0.43365E+02    0.43800E-03
    0.44241E+02    0.41483E-03
    0.45135E+02    0.39288E-03
    0.46047E+02    0.37208E-03
    0.46977E+02    0.35237E-03
    0.47926E+02    0.33370E-03
    0.48894E+02    0.31601E-03
    0.49882E+02    0.29925E-03
    0.50890E+02    0.28337E-03
    0.51918E+02    0.26833E-03
    0.52966E+02    0.25408E-03
    0.54036E+02    0.24058E-03
    0.55128E+02    0.22779E-03
    0.56242E+02    0.21567E-03
    0.57378E+02    0.20420E-03
    0.58537E+02    0.19332E-03
    0.59720E+02    0.18303E-03
    0.60926E+02    0.17327E-03
    0.62157E+02    0.16403E-03
    0.63412E+02    0.15528E-03
    0.64693E+02    0.14700E-03
    0.66000E+02    0.13915E-03
    0.67334E+02    0.13171E-03
    0.68694E+02    0.12467E-03
    0.70082E+02    0.11800E-03
    0.71497E+02    0.11169E-03
    0.72942E+02    0.10571E-03
    0.74415E+02    0.10005E-03
    0.75918E+02    0.94683E-04
    0.77452E+02    0.89604E-04
    0.79017E+02    0.84796E-04
    0.80613E+02    0.80242E-04
    0.82241E+02    0.75931E-04
    0.83903E+02    0.71849E-04
    0.85598E+02    0.67984E-04
    0.87327E+02    0.64324E-04
    0.89091E+02    0.60859E-04
    0.90891E+02    0.57579E-04
    0.92727E+02    0.54473E-04
    0.94600E+02    0.51533E-04
    0.96511E+02    0.48750E-04
    0.98461E+02    0.46115E-04
    0.10045E+03    0.43621E-04
    0.10248E+03    0.41260E-04
    0.10455E+03    0.39025E-04
    0.10666E+03    0.36909E-04
    0.10882E+03    0.34906E-04
    0.11101E+03    0.33011E-04
    0.11326E+03    0.31217E-04
    0.11554E+03    0.29519E-04
    0.11788E+03    0.27912E-04
    0.12026E+03    0.26392E-04
    0.12269E+03    0.24952E-04
    0.12517E+03    0.23590E-04
    0.12770E+03    0.22301E-04
    0.13028E+03    0.21082E-04
    0.13291E+03    0.19928E-04
    0.13559E+03    0.18836E-04
    0.13833E+03    0.17802E-04
    0.14113E+03    0.16825E-04
    0.14398E+03    0.15900E-04
    0.14689E+03    0.15025E-04
    0.14985E+03    0.14197E-04
    0.15288E+03    0.13413E-04
    0.15597E+03    0.12672E-04
    0.15912E+03    0.11972E-04
    0.16233E+03    0.11309E-04
    0.16561E+03    0.10682E-04
    0.16896E+03    0.10089E-04
    0.17237E+03    0.95276E-05
    0.17585E+03    0.89971E-05
    0.17941E+03    0.84954E-05
    0.18303E+03    0.80209E-05
    0.18673E+03    0.75723E-05
    0.19050E+03    0.71481E-05
    0.19435E+03    0.67471E-05
    0.19828E+03    0.63679E-05
